-0.28262468 -0.00201447
-0.57787265 -0.13593649
-0.08389495 -0.20220769
-0.53964344 -0.11888765
-0.19754954 0.03763337
0.29822076 0.81440298
-0.37717497 -0.03272173
0.28989335 0.77576650
-0.25999428 0.03652001
-0.54806009 -0.12263585
-0.14076601 0.09708847
-0.51162074 -0.10637869
0.59479561 -0.36534870
0.12907157 0.24547278
-0.23999066 0.04104028
-0.10702464 -0.22575330
0.68612861 -0.30685933
0.22086101 0.05194991
0.54667921 -0.06037489
0.50058808 -0.08870930
0.46132887 -0.08262777
0.69208304 -0.31536258
0.38469914 0.24993719
0.45881888 0.14047894
0.61159253 -0.40380190
0.44913302 -0.27309347
0.09798433 0.22929936
0.40679185 -0.28844504
0.76200062 -0.44491201
-0.18926276 0.07571665
0.49702962 -0.03882618
-0.52691945 -0.11131346
-0.48559992 -0.09476911
-0.43876461 -0.07387040
-0.02915638 0.16009079
0.27151787 0.61866960
-0.34678878 -0.03149975
-0.50024683 -0.10130471
-0.24281522 -0.15897497
0.21503516 0.22138068
0.29295619 0.77582258
-0.53440044 -0.11654006
-0.50023753 -0.10129599
-0.50023753 -0.10129599
-0.50022461 -0.10128248
-0.50022461 -0.10128248
-0.55147853 -0.12416000
0.28461547 0.62081465
-0.52818115 -0.11376675
-0.02178919 0.18670377
-0.09220424 0.12344458
-0.21865239 -0.10750608
-0.20831942 0.06042777
-0.51162074 -0.10637869
0.73301958 -0.40963378
0.12907157 0.24547278
-0.11561818 0.30288623
-0.40621934 -0.03603388
-0.52073413 -0.11044383
-0.01457650 0.16086218
-0.30310688 0.00766632
0.21503516 0.22138068
0.30303903 -0.34470632
0.53550066 -0.01509586
0.20975859 0.21469005
0.40850229 -0.22184417
0.75837895 -0.44050250
0.31246466 0.04436751
-0.51353558 -0.10497582
-0.46608199 -0.08606075
-0.22080942 0.12796844
-0.43876461 -0.07387040
-0.31788736 0.06434037
-0.43874029 -0.07385997
-0.54415786 -0.12089554
-0.35364944 -0.03437631
-0.57709612 -0.13558999
-0.19403557 -0.18363722
-0.53964719 -0.11888848
0.29797878 0.81262834
-0.59800577 -0.14491890
0.30076064 0.79132001
-0.54415626 -0.12089403
-0.14076601 0.09708847
-0.51162074 -0.10637869
0.73038961 -0.40642948
0.12907157 0.24547278
-0.10861469 0.10982734
-0.16374560 -0.21304700
0.25994563 0.03734947
0.29627411 0.31666022
0.76361630 -0.44687908
0.66545803 -0.26411047
-0.51559183 -0.10595257
-0.46608199 -0.08606075
-0.43876461 -0.07387040
-0.15764391 0.09075590
0.27151787 0.61866960
-0.52073480 -0.11044500
0.29817585 0.81407352
-0.54703529 -0.09994272
0.29682530 0.76984347
-0.23935700 -0.06706730
-0.31730927 -0.00004274
0.68993243 -0.35121204
0.68562582 -0.39757652
0.58212994 -0.38884665
-0.20098731 -0.11162553
-0.19227847 0.06373956
0.76382429 -0.44713220
0.29915579 0.31788857
0.48380861 0.07208655
0.62971361 -0.19971372
0.50972388 0.02365279
0.54424150 -0.05351775
0.60847276 -0.16866499
0.65091350 -0.24251904
0.48639279 0.05889334
0.65504082 -0.24746076
0.75261963 -0.43348993
0.75206214 -0.43281111
-0.03450492 0.22784546
0.75146575 -0.43208423
0.75641297 -0.43810854
0.75015028 -0.43048252
0.75083304 -0.43131382
0.50024106 -0.11011040
0.75015124 -0.43048432
0.70550844 -0.36042637
0.66368001 -0.26848139
0.67892945 -0.29723162
0.64471959 -0.23221055
0.59189965 -0.07889501
0.67899256 -0.29261589
0.75261907 -0.43348916
0.75410043 -0.43529245
0.51813402 0.00590360
0.70344979 -0.33764607
0.53940403 0.03837651
0.32939835 0.35419281
0.75453900 -0.43582684
0.71101947 -0.35275646
0.29660999 0.31467041
-0.19758362 0.12364973
-0.48558829 -0.09476487
0.58984929 -0.22925223
-0.45173668 -0.07885523
0.52069835 -0.24313218
0.65223371 -0.27951049
0.51422037 -0.05671454
0.54362383 -0.23335739
0.66655818 -0.30868173
0.18032127 0.04256526
0.68821027 -0.31107536
0.55476035 -0.09346868
0.33421426 0.35999706
0.46906471 -0.14569401
0.67840568 -0.28888010
0.57643431 -0.12389826
0.49680755 -0.25654150
-0.52208636 -0.10902530
-0.46608199 -0.08606075
-0.43876461 -0.07387040
-0.25274597 -0.15884498
0.27151787 0.61866960
-0.19050208 0.03959179
-0.30156543 0.09017376
0.29843338 0.81596177
-0.53097678 -0.07849251
0.30004041 0.80266131
-0.56991512 -0.13238545
0.29494815 0.31516881
0.65996698 -0.38403237
0.06206059 0.27626707
0.74911838 -0.42838032
0.72839394 -0.39104878
0.46979793 0.21808026
0.49308536 0.07598707
0.50101759 0.04118477
-0.21874451 0.05916684
0.47961318 0.08186637
0.57567272 -0.12282835
0.55204314 -0.21327593
0.33200141 0.35732977
0.32789073 0.35237607
0.59903250 -0.14431582
0.50707325 -0.02487475
0.75015043 -0.43048328
0.61587338 -0.24020061
0.31472408 0.42671404
-0.10118252 0.12328316
0.08651113 0.37314710
-0.34698754 -0.01432295
0.31935804 0.34209200
-0.52072641 -0.11044074
0.36473970 0.26770593
0.40281921 0.23731025
-0.48130226 -0.08262102
-0.47021184 -0.07663086
-0.35982721 -0.02615475
-0.44153077 -0.06130204
-0.43233961 -0.05627556
0.32500889 -0.33870141
0.33310790 0.35866354
0.33371141 0.35939104
0.51019280 -0.07264584
0.45786460 0.12533486
0.37347475 0.28051426
0.33371150 0.35939123
0.67666772 -0.30601288
0.31070450 -0.13616192
0.75146821 -0.43208805
0.75083261 -0.43131347
0.65778897 -0.25218011
0.38218114 0.26585777
0.60225158 -0.15166017
0.45880821 -0.15561528
0.40913605 0.21899836
0.46529850 0.10817293
0.33351292 0.35915211
0.65972645 -0.31304664
0.64789134 -0.23537514
0.75607449 -0.43769561
0.38265598 0.26671960
0.67622738 -0.28716547
0.30655242 0.32665751
-0.14533238 0.19117133
-0.48559244 -0.09476856
0.48330640 0.03301641
0.64821008 -0.30626301
0.31252849 0.33385572
-0.53439505 -0.11654005
0.59886556 -0.13708113
0.52849496 -0.00315676
0.61007948 -0.39612419
0.50214684 0.02611875
0.70131892 -0.33043911
0.53339843 -0.01922037
0.54570108 -0.00438663
0.57143464 -0.08348036
0.33479021 0.36069148
0.62122752 -0.19638092
0.56654020 -0.08876648
0.65221209 -0.23786160
0.46875175 0.10769179
0.39305235 0.20264398
0.52040784 0.01233619
0.58430850 -0.08753713
0.55195316 -0.00068589
0.60281274 -0.14387596
0.54300953 -0.03113384
-0.21317486 0.05910936
0.04372863 0.19941497
-0.55449058 -0.12550473
0.56942092 -0.02635715
0.12260392 0.02079002
0.18007781 -0.17154889
0.30770416 0.34579918
0.64135580 -0.22058724
0.52573692 -0.00107384
0.42630894 -0.20056755
0.42716707 -0.29453760
0.36218822 0.19115056
0.66642896 -0.26699963
0.49048302 -0.16671618
0.43084946 -0.10581299
-0.27269947 0.00258581
-0.57626885 -0.13522122
-0.17639719 -0.18758871
-0.53964825 -0.11888800
0.29836777 0.81548054
-0.59088009 -0.14143157
0.25348864 0.73683530
-0.21394502 0.09039785
-0.16091421 0.08615429
-0.09642297 0.13034901
0.40713673 0.29510560
0.51806707 0.01184048
0.56129809 -0.08178325
0.48882523 0.06612848
0.65757606 -0.31029016
0.60730595 -0.13224873
0.01135434 0.18228453
0.63550443 -0.21347019
0.50893551 0.03149115
-0.06168404 0.39191063
0.01255279 0.46275428
-0.29971935 0.01528032
-0.23781914 0.08358804
-0.47267643 -0.08004460
-0.23347892 0.04842155
0.31252849 0.33385572
-0.52072641 -0.11044074
0.39857919 -0.08524415
0.35552324 0.03869833
0.70945036 -0.35476942
0.48761660 0.06609811
0.31697637 0.34026575
0.60664923 -0.15995131
0.55073412 -0.05555325
0.67755584 -0.28944495
0.75572178 -0.43726672
0.65974552 -0.25545013
0.64460783 -0.23437963
0.71997071 -0.37095025
0.31651266 0.33866240
-0.20831942 0.06042777
-0.37808198 -0.03500507
0.16450767 -0.27311428
0.31935796 0.34209091
-0.52818258 -0.11376846
0.55244771 -0.09485027
0.52969177 -0.01359397
0.53309829 -0.01076165
0.75084220 -0.42252877
0.59528405 -0.13069019
0.47605839 0.12449093
0.63689440 -0.20993709
0.62881053 -0.21339651
0.54241753 -0.02840638
0.63540867 -0.20900903
0.70915758 -0.32511835
-0.21317486 0.05910936
0.05177197 0.20378009
-0.34291836 -0.01394046
-0.13820683 -0.21876833
-0.30073366 -0.00015789
0.51090780 0.07590130
0.19570516 -0.00230493
0.54269367 -0.03591262
0.58490987 -0.11331758
0.27797506 -0.17949489
0.02138207 0.25974571
0.51630430 -0.03462794
-0.07354418 -0.12013729
0.59457473 -0.03176180
0.33582725 0.30750682
0.10308663 -0.22974805
0.46082728 0.05227996
0.15960771 -0.04724483
0.36531538 0.10778526
0.61677142 -0.41683344
0.33948803 -0.14846769
0.67165748 -0.36109003
0.48893826 0.16501450
0.13332581 -0.10513473
0.43880445 -0.29728926
0.39350414 -0.10609164
0.48016694 -0.13501604
0.23901447 -0.01242853
0.68277483 -0.29711698
-0.26274014 0.03351324
-0.46608199 -0.08606075
-0.43876461 -0.07387040
-0.49958290 -0.09210424
0.27151787 0.61866960
-0.26942739 0.00398901
0.28810250 0.77477377
0.52798041 -0.30219060
0.70028215 -0.34006451
0.57229441 -0.09619838
0.56326599 -0.09065465
0.48417893 0.07511276
0.61900381 -0.18948637
0.57075409 -0.09140266
0.12501784 0.34659807
-0.44017011 -0.06346164
0.31935796 0.34209091
-0.27913352 0.01065237
0.51740856 -0.01692905
0.04417731 -0.04174113
-0.49519126 -0.09024857
-0.24562202 0.04142842
0.00941631 0.18202507
-0.35208131 -0.00743154
0.00924487 0.18015081
-0.18655998 0.07466632
-0.25076973 0.04981572
-0.05010579 0.14893076
0.07106844 0.21425394
-0.44551720 -0.06390703
-0.26040740 0.04095845
-0.09799793 0.19680974
-0.41284450 -0.04793328
-0.04527969 0.14561182
-0.01970127 0.22563385
0.15394204 0.08258735
-0.19758362 0.12364973
0.29661139 0.31464298
0.60799560 -0.21598851
-0.54415634 -0.12089499
-0.52073863 -0.11044440
-0.52073863 -0.11044440
-0.52073863 -0.11044440
-0.52818966 -0.11376885
-0.50022418 -0.10129050
-0.48560248 -0.09476694
-0.52073586 -0.11044298
-0.56545153 -0.13039441
-0.50023753 -0.10129599
-0.56367714 -0.12960283
-0.51162639 -0.10637850
-0.50024124 -0.10129871
-0.48560248 -0.09476694
-0.52073863 -0.11044440
-0.48560248 -0.09476694
-0.50023753 -0.10129599
-0.50023753 -0.10129599
-0.50023753 -0.10129599
-0.50023753 -0.10129599
-0.50023753 -0.10129599
-0.55956810 -0.12776943
-0.21745923 -0.00784996
-0.51162374 -0.10637568
-0.21745923 -0.00784996
-0.56545153 -0.13039441
-0.50023753 -0.10129599
-0.50023753 -0.10129599
-0.48560248 -0.09476694
-0.51162631 -0.10637821
-0.52818966 -0.11376885
-0.50022418 -0.10129050
-0.21745923 -0.00784996
-0.36257945 -0.01465028
-0.36257945 -0.01465028
-0.36257945 -0.01465028
-0.53965231 -0.11888292
-0.51162631 -0.10637821
-0.53965462 -0.11888350
-0.50023426 -0.10129190
-0.52073586 -0.11044298
-0.51162085 -0.10637685
-0.56545153 -0.13039441
-0.56545153 -0.13039441
-0.54414862 -0.12088883
-0.50023753 -0.10129599
-0.50023753 -0.10129599
-0.16516097 0.08578894
-0.54806208 -0.12263488
-0.50023753 -0.10129599
-0.50023753 -0.10129599
-0.50023753 -0.10129599
-0.50023753 -0.10129599
-0.50023753 -0.10129599
-0.50023753 -0.10129599
-0.50023753 -0.10129599
-0.50023753 -0.10129599
-0.52073586 -0.11044298
-0.52818966 -0.11376885
-0.52073586 -0.11044298
-0.50022461 -0.10128248
-0.56172547 -0.12873171
-0.56172547 -0.12873171
-0.50933582 -0.09341680
-0.56172547 -0.12873171
-0.56706738 -0.13111520
-0.36257945 -0.01465028
0.43490229 -0.37687685
-0.32946014 -0.02511233
0.76703619 -0.45104285
0.71460039 -0.38719762
-0.20904871 -0.19597425
-0.50135047 -0.14605531
-0.58527398 -0.13923879
-0.58882157 -0.14082160
-0.58365171 -0.13851497
-0.57994541 -0.13686127
-0.58563867 -0.13940147
-0.58664344 -0.13984970
-0.39755068 -0.18412358
-0.58449978 -0.13889326
-0.59100594 -0.14179606
-0.48559625 -0.09476755
0.65930262 -0.31987938
0.62187052 -0.27417670
-0.43874250 -0.07385443
0.15133922 -0.04127612
-0.20721316 0.27346012
-0.43190780 -0.10175985
-0.45897497 -0.13671844
-0.43424324 -0.01779397
-0.51678403 -0.10811514
-0.56171978 -0.12873109
-0.56367369 -0.12960203
-0.53439806 -0.11653830
-0.52073276 -0.11044093
-0.55717433 -0.12670170
-0.56172900 -0.12873375
-0.37793013 -0.16990950
-0.55717205 -0.12670039
-0.56992627 -0.13239081
-0.47445866 -0.01803048
0.24682412 0.60783120
-0.50025149 -0.10130565
-0.04645647 0.31744508
-0.55956385 -0.12776926
-0.50023955 -0.10129624
-0.17277799 -0.03002338
0.16178104 0.26960563
-0.43222971 -0.07067824
0.60416002 -0.41511060
0.76719049 -0.45123065
0.75761225 -0.43956862
0.76496341 -0.44851904
0.75813566 -0.44020608
0.76459834 -0.44806991
0.74031758 -0.41848404
0.57272379 -0.40104280
0.72884530 -0.37829265
-0.04409811 -0.23995837
-0.50024175 -0.10130333
0.54938973 -0.34408050
-0.54415325 -0.12089207
-0.53438791 -0.11654462
-0.32798890 -0.00096749
0.65431286 -0.40492764
-0.50024455 -0.10130456
-0.25337812 -0.17034611
-0.32801106 -0.08725270
-0.09608727 -0.22618467
-0.46856231 -0.07950958
-0.46608199 -0.08606075
-0.43876461 -0.07387040
-0.47803854 -0.08044099
-0.43874029 -0.07385997
-0.43765753 -0.11433123
-0.13701420 -0.09558236
-0.00249854 -0.26900161
-0.46856231 -0.07950958
-0.46608199 -0.08606075
-0.43876461 -0.07387040
-0.55956699 -0.12777073
0.27151787 0.61866960
-0.27526310 0.00073709
0.30890747 0.33052372
0.31253172 0.33386108
-0.00836391 0.00844782
-0.42081699 -0.05070021
-0.57235283 -0.13347386
-0.36646510 -0.02153360
-0.25134306 0.03927617
-0.18569123 0.06767201
-0.25075068 0.10285305
0.30606990 0.32615283
0.31080779 0.33183442
0.30859806 0.32919356
0.31080779 0.33183442
-0.41145203 -0.04577233
0.00984923 0.18182724
0.75672517 -0.43056203
0.28862431 0.28157886
0.51792703 -0.39550162
-0.09608727 -0.22618467
0.10690215 -0.09672484
0.36953753 -0.09764947
-0.52828462 -0.11196197
-0.48560164 -0.09476974
-0.43876461 -0.07387040
-0.40918718 -0.04257199
0.27151787 0.61866960
-0.28073185 -0.00127276
-0.36669812 -0.04013822
-0.57709653 -0.13559015
-0.12098980 -0.19389611
-0.53438791 -0.11654462
-0.24285466 -0.00678639
0.55131247 -0.32439199
-0.09608727 -0.22618467
-0.47912028 -0.08499187
-0.48560164 -0.09476974
-0.43876461 -0.07387040
-0.35876153 -0.01638263
0.27151787 0.61866960
-0.28073185 -0.00127276
-0.29401894 -0.19723287
-0.53440555 -0.11654418
0.74645495 -0.41790939
-0.23045172 -0.19378963
-0.58114061 -0.13739458
-0.41553879 -0.07567164
-0.55147512 -0.12415905
-0.46609521 -0.08606886
-0.53940715 -0.14871622
-0.55449431 -0.12550623
-0.42847818 0.00020716
0.63464013 -0.23310209
-0.34250272 0.07478099
-0.36735101 0.04816939
-0.58055829 -0.13713515
-0.17979786 0.23400820
0.10459768 -0.21391661
-0.32944213 -0.02510118
-0.52491754 -0.11036243
-0.48560734 -0.09477209
0.12745279 0.23784235
-0.28986522 0.01201545
0.22016310 0.39354990
-0.31646889 -0.07406117
-0.45890390 -0.03567132
-0.09235183 0.11671976
0.70050523 -0.32558820
0.64192207 -0.37308725
-0.53965515 -0.11888455
-0.59408700 -0.14317055
0.23432046 0.35809051
0.19608774 0.34022118
0.17001348 0.45572179
0.21887551 0.36845454
0.29616613 0.79933021
0.33298319 0.11698111
-0.37770845 -0.02653068
0.26425833 0.40333718
0.40868574 0.32144063
0.50583595 0.10129664
0.52887793 0.05868440
0.47469307 0.11079228
0.47991016 0.19732712
0.36081136 0.60451465
0.03721674 0.46426807
0.30623156 0.72541022
0.09945074 0.50579627
-0.08922106 -0.01670246
-0.05237112 0.28869280
0.28742006 0.72752374
0.13183444 0.49546056
-0.55956385 -0.12776926
-0.50024196 -0.10129941
0.51760765 -0.14255251
0.51645315 0.06026002
0.43193969 -0.16708734
0.47600852 0.07110471
-0.57994405 -0.13686129
0.04217423 -0.23332355
0.55754681 -0.06258813
0.65491252 -0.24614482
0.60171486 -0.09356208
0.49360533 0.09914807
-0.55147851 -0.12415990
-0.55449795 -0.12550841
0.06373698 0.03269336
0.60502816 -0.32168945
-0.12572566 -0.01441799
0.44043129 0.00198037
0.44965929 -0.19045200
0.68819628 -0.37210733
-0.57929257 -0.13657038
-0.52073876 -0.11044780
0.31145224 -0.29688041
-0.22306486 -0.17713630
-0.32944213 -0.02510118
-0.38641351 -0.04011528
-0.52818156 -0.11376520
-0.52073586 -0.11044298
-0.51162631 -0.10637821
-0.52073261 -0.11043914
-0.50023753 -0.10129599
-0.50023426 -0.10129190
0.29842300 0.81588534
-0.50023426 -0.10129190
-0.51162042 -0.10637215
-0.56545153 -0.13039441
-0.55956691 -0.12776821
-0.52818966 -0.11376885
-0.50023426 -0.10129190
-0.50023753 -0.10129599
-0.50023753 -0.10129599
-0.50023753 -0.10129599
-0.52818913 -0.11376842
-0.52073586 -0.11044298
-0.50023753 -0.10129599
-0.55147853 -0.12416000
-0.52818788 -0.11376786
-0.37866800 0.05881328
-0.50022461 -0.10128248
-0.52073261 -0.11043914
-0.52818966 -0.11376885
-0.50023753 -0.10129599
-0.52073586 -0.11044298
-0.55956402 -0.12776798
-0.55956402 -0.12776798
-0.52818966 -0.11376885
-0.37302428 -0.11117838
0.30360240 0.75791082
-0.31134709 0.00892282
-0.55147762 -0.12416043
0.24903140 0.61147742
0.17758578 0.56840307
0.64474699 -0.35328840
0.09487191 0.24918648
0.71096739 -0.34891302
0.74466515 -0.40775986
-0.28042026 0.01655327
0.68054849 -0.29466793
0.51168249 0.02072939
0.50186650 0.04176852
0.50628271 -0.05917626
0.40240240 0.22802870
0.55076247 -0.16864382
0.68362415 -0.41806500
-0.51162406 -0.10638164
-0.09133132 -0.19290339
-0.06900400 -0.19425754
-0.37470163 -0.18093521
-0.46298291 -0.07652743
-0.46608199 -0.08606075
-0.43876461 -0.07387040
-0.35845971 -0.01607514
0.27151787 0.61866960
-0.27526310 0.00073709
-0.31515941 -0.03840736
-0.36315860 0.08262279
0.70467701 -0.41201202
-0.20668428 -0.22266296
-0.46856231 -0.07950958
-0.46608199 -0.08606075
-0.39805395 -0.03678998
0.27151787 0.61866960
-0.27526310 0.00073709
-0.54806426 -0.12263790
-0.50024164 -0.10129961
-0.32946087 -0.02510818
-0.55449212 -0.12550383
-0.51162085 -0.10637685
-0.50023426 -0.10129190
-0.50023753 -0.10129599
-0.50023753 -0.10129599
-0.50022461 -0.10128248
-0.55147853 -0.12416000
-0.44885372 -0.00917578
0.29471247 0.78868580
0.29074028 0.70623906
0.04916179 0.52112282
-0.47597009 -0.07903216
-0.54415550 -0.12089369
-0.07525521 0.32654759
0.25794118 0.65906215
0.13147177 0.36408732
0.13506899 0.50118580
0.00365040 0.38013524
-0.37938781 -0.19182156
0.25547725 0.62242460
-0.26822412 0.02983398
-0.14076601 0.09708847
-0.51162074 -0.10637869
0.53000878 -0.31896797
0.02175388 0.18748915
-0.23999066 0.04104028
-0.32946087 -0.02510818
-0.31523553 0.08341466
0.53307591 -0.39070174
0.08445122 -0.13459691
0.40003967 -0.20518935
-0.33949267 -0.01136092
-0.35174427 -0.01801071
-0.52361043 -0.10974536
-0.46608199 -0.08606075
-0.43876461 -0.07387040
0.08716595 0.47559253
0.27151787 0.61866960
-0.53440167 -0.11654235
-0.10338161 0.08936370
-0.53439879 -0.11653992
-0.53965462 -0.11888377
-0.52276392 -0.11080079
-0.39938931 0.01794636
-0.07256253 0.24341740
-0.10850576 0.24317545
0.19013638 0.35196060
0.17077505 0.32962361
0.29396660 0.18278016
0.11948355 0.28776736
-0.15467212 0.16902049
-0.54806009 -0.12263552
-0.58695202 -0.13998721
0.04619116 0.20280972
-0.48561379 -0.09477727
-0.44013945 -0.06582652
-0.49491547 -0.08392961
-0.04760382 0.19413082
-0.52392320 -0.15218676
0.76509271 -0.44867674
-0.04659524 0.31970160
0.25508010 0.25818923
0.18412051 0.32619505
0.13570252 0.61700012
0.24443137 0.37941441
0.09094287 0.25755096
0.25650532 0.48146672
0.19512581 0.30049006
0.28476971 0.69531605
-0.24529540 0.08757657
-0.14226082 0.12618714
0.44301828 0.39857206
-0.35223802 0.07859092
0.24466574 0.67682487
0.28587474 0.70696495
0.10300380 0.52523608
0.64386813 -0.41665500
0.55478596 -0.16623527
0.76068397 -0.44330835
0.56705578 -0.20862522
0.64323110 -0.21902691
0.14007117 0.24947181
0.60015276 -0.05225867
0.50967788 -0.02329935
0.41411544 0.07700716
0.51697275 -0.06177513
0.53488872 -0.01987201
0.62584853 -0.22862710
0.49692720 -0.06363372
0.58388473 -0.21447566
0.51425070 -0.02601410
0.65064814 -0.25677467
0.51076471 -0.00259378
-0.45339417 -0.02648305
0.40359923 -0.10226783
0.42261508 -0.23825702
0.09086871 0.18846699
-0.19053313 -0.03205814
-0.43876035 -0.07387485
0.67772849 -0.34231444
0.66249873 -0.31671315
-0.32946014 -0.02511233
-0.49958864 -0.05625750
0.51708390 -0.31939423
-0.50024133 -0.10129951
-0.32946667 -0.02510986
0.42401121 -0.08919629
0.73494672 -0.38978071
0.74225013 -0.42086495
0.56737170 -0.08748685
0.75206184 -0.43281044
0.75733296 -0.43922910
0.68454662 -0.30729504
0.24122132 -0.01592754
0.29660999 0.31467041
-0.16075202 0.16415656
-0.48559244 -0.09476856
0.62305636 -0.37584680
-0.34967380 -0.02100128
-0.51162631 -0.10637821
-0.53965462 -0.11888350
-0.51162346 -0.10637583
-0.56172526 -0.12873187
-0.52073586 -0.11044298
-0.52073586 -0.11044298
-0.52818791 -0.11376669
-0.25985950 0.03561029
-0.50023753 -0.10129599
0.29813461 0.81377096
-0.55449212 -0.12550383
-0.51162472 -0.10637605
-0.56545153 -0.13039441
-0.50023753 -0.10129599
-0.40080612 -0.00942769
-0.50023753 -0.10129599
-0.55956805 -0.12776952
-0.55956805 -0.12776952
-0.55956815 -0.12776949
-0.52073728 -0.11044259
-0.55147761 -0.12416062
-0.57538821 -0.13482840
0.34763720 -0.28144323
-0.19285678 0.03583934
-0.10752671 0.31937462
-0.56545286 -0.13039512
-0.42073789 -0.06254483
-0.42073789 -0.06254483
-0.50023753 -0.10129599
-0.55147853 -0.12416000
0.28159823 0.68184338
-0.22048774 0.15075457
-0.55147767 -0.12416057
-0.08709107 0.13975706
-0.24640403 0.04402631
-0.12474223 0.11033359
-0.26462988 0.02766672
-0.51162074 -0.10637869
0.45992615 -0.31640769
0.13793070 0.25028107
-0.31563607 0.01290119
-0.23999066 0.04104028
-0.19285678 0.03583934
0.30124775 0.13755489
0.42673977 -0.01978382
-0.28062282 0.02169360
-0.43140371 -0.06013593
0.40541025 0.10482061
0.48866431 0.12051066
0.54165529 -0.10142672
-0.51715598 -0.10668314
-0.48560866 -0.09477250
-0.43876461 -0.07387040
-0.29534871 0.01848086
0.27151787 0.61866960
-0.40204795 -0.05639170
-0.54416311 -0.12089745
-0.50024259 -0.10129995
-0.32946389 -0.02510897
-0.50023753 -0.10129599
-0.56367812 -0.12960329
-0.50023753 -0.10129599
-0.52073586 -0.11044298
-0.52073586 -0.11044298
-0.55147853 -0.12416000
0.09942890 0.55386560
0.07520335 -0.21592094
0.29639817 0.80104098
-0.50023753 -0.10129599
0.11057881 0.55214059
-0.04791667 0.33112025
-0.34378942 0.00808035
-0.53965422 -0.11888540
0.19186729 0.41882509
-0.00620076 0.16175277
0.22007850 0.25071150
-0.18210880 0.15636022
0.12077820 0.37244849
0.07098534 0.24021147
0.10265346 0.24825289
-0.13303972 0.11881395
0.09823001 -0.22897571
0.25672295 0.31988179
0.58737077 -0.14677864
0.12052191 0.38734599
0.04434792 0.19425352
-0.27913352 0.01065237
0.40037522 0.23551381
0.58769638 -0.13275509
0.06410074 0.43061525
0.55040676 -0.26949432
0.44573937 0.14961926
0.65299703 -0.24439762
0.61805788 -0.06324725
0.56696455 -0.04947382
0.63298521 -0.22158445
0.56147105 -0.07432726
0.71829269 -0.36433776
0.29318253 -0.27666246
0.33421452 0.35999756
-0.54866669 -0.12283208
-0.20831942 0.06042777
-0.51162074 -0.10637869
0.62642390 -0.27972963
0.05753674 0.20690900
-0.23999066 0.04104028
-0.32946389 -0.02510897
0.34035906 0.32637472
0.34076728 0.01254392
-0.35971403 -0.02233621
0.24408874 -0.06013583
0.06125092 0.06606611
0.68248692 -0.29413164
-0.27722738 0.02242974
-0.29222318 0.01357196
0.34170866 0.10436162
0.27786722 -0.23886547
0.17897174 -0.17002509
0.64210310 -0.25067419
-0.11313353 -0.13239918
0.46834175 -0.02470160
0.25087614 -0.00913456
0.50776320 -0.33538491
0.76252676 -0.44555243
0.30670012 -0.16751374
0.33051267 -0.23203375
-0.21981693 0.05198874
0.52670430 -0.13934494
0.43477450 -0.14360172
0.54318684 -0.37952360
0.04948355 0.00906615
0.47152317 -0.27953051
-0.51939527 -0.10774691
-0.46609264 -0.08606547
-0.28020534 -0.00101613
-0.09131794 0.20749769
0.27151787 0.61866960
-0.53440360 -0.11654319
0.21340596 0.22540479
0.29857485 0.81699900
0.54834020 -0.05007376
0.03217702 0.17105440
0.40222207 0.22834080
0.35455220 0.64877927
-0.18764332 0.05614945
0.30054189 0.75144619
0.28278201 0.68183688
-0.26868627 0.18382218
-0.22260088 0.13510463
0.61145545 -0.40987671
0.65741593 -0.29617781
0.69329302 -0.33727118
0.57154656 -0.35117304
0.65810258 -0.26000644
0.73737199 -0.41492479
0.60741959 -0.07014269
0.72923160 -0.36808014
0.60957064 -0.36816479
0.61447141 -0.19486109
0.52392523 -0.02024367
0.71768905 -0.38168386
0.65641441 -0.42038450
0.19862240 -0.27780043
0.43585309 -0.15784220
0.34664837 -0.02445922
0.76164746 -0.44448196
0.76188663 -0.44477289
0.45204051 -0.19057461
0.08580455 0.02966129
0.26329270 -0.12748232
0.43064029 0.00760722
0.03835321 0.15697603
0.30351757 0.09491220
0.05831501 0.10706064
0.50917725 -0.28220204
0.57530941 -0.14784258
0.59152893 -0.13891982
0.67103577 -0.33963693
0.42731955 -0.01176888
0.53709598 -0.12566625
0.76002491 -0.44250687
0.50441882 0.11086635
0.72176395 -0.38577015
0.41547757 0.03204023
0.27668977 0.29065221
-0.48561379 -0.09477727
-0.47359713 -0.16774643
-0.32598346 0.11706533
0.66503520 -0.42520942
-0.25184025 -0.13765176
-0.55448977 -0.12550365
0.10965861 -0.27411814
-0.58319869 -0.13831253
0.08432982 -0.12136031
0.63525714 -0.28497726
-0.48561379 -0.09477727
-0.58882279 -0.14082201
0.76536785 -0.44901159
0.69785106 -0.31956324
-0.48561379 -0.09477727
-0.58632092 -0.13970593
0.48424116 -0.27136969
0.56970151 -0.17342882
-0.28528601 0.18081064
0.04544566 0.24762833
0.06097238 0.29385499
0.69491387 -0.30303750
-0.48561379 -0.09477727
0.40791576 -0.22863743
0.27328835 -0.33182773
-0.27453563 -0.20528219
0.63663517 -0.21297886
-0.07545169 0.19982115
0.73395339 -0.40534160
-0.43876035 -0.07387485
0.67772849 -0.34231444
-0.57994363 -0.13686069
-0.52073876 -0.11044780
0.27124993 0.28747526
0.16679952 -0.25074122
-0.50829477 -0.09675636
-0.53965677 -0.11888648
-0.52427701 -0.11045523
-0.46364518 -0.01940329
-0.32945760 -0.02510603
-0.52818791 -0.11376669
-0.50023753 -0.10129599
-0.50023753 -0.10129599
-0.50023426 -0.10129190
-0.50023426 -0.10129190
-0.56172526 -0.12873187
-0.56172526 -0.12873187
0.12293092 0.37883198
0.29809381 0.81347175
-0.36257945 -0.01465028
-0.50023753 -0.10129599
-0.51162085 -0.10637685
-0.51162472 -0.10637605
-0.36867180 -0.02879945
-0.54806113 -0.12263509
-0.57538707 -0.13482785
0.24353476 0.35817840
0.23565097 0.32927772
0.24398169 0.36650056
0.24471370 0.37909925
0.23791513 0.34805531
0.26252038 0.35148803
0.25480152 0.33606426
0.24944531 0.41827769
0.25366760 0.35497053
0.02599685 0.22030980
0.24355819 0.36740819
0.27150132 0.59600181
0.28771170 0.50656315
-0.04415861 0.22196245
0.29539410 0.79368189
0.28868715 0.74695956
0.26115806 0.51173383
0.26721520 0.56134224
0.28416196 0.71590773
0.24058695 0.35280077
0.29240273 0.76844508
0.22013883 0.35251945
0.20799003 0.32148554
-0.18901445 0.09798171
0.25220316 0.48749702
0.17862130 0.43024337
0.25563592 0.51306697
0.25061632 0.43524861
0.09203987 0.39690498
0.19407392 0.30917291
0.09501831 0.38100291
0.24160597 0.35890980
0.24089845 0.37435189
0.24653965 0.39044394
0.25397424 0.47149015
0.27120997 0.60286804
0.24893537 0.41144149
0.22243654 0.34646287
0.29862509 0.81736745
0.30948198 0.24779112
0.41094725 0.20879085
0.40740540 0.21065050
0.34561601 0.63530615
0.20906571 0.70907594
0.29843453 0.70100268
0.28920072 0.73542419
0.49166882 -0.01073134
0.70377044 -0.33038526
0.01153436 0.17122266
0.76052762 -0.44311824
-0.51726246 -0.10877669
-0.51309622 -0.10691132
-0.48561379 -0.09477727
-0.58272224 -0.13810023
0.21479267 0.34788780
0.04903451 0.28321325
0.15848224 0.29320569
-0.33055856 0.11211025
0.15151512 0.15736071
-0.25136061 0.13845098
-0.27286855 0.19919465
0.18508481 0.28985554
0.09349560 0.26013967
-0.37011302 0.09209580
-0.27244484 0.06552581
-0.34867802 0.11396513
-0.26574634 0.20593433
-0.55147353 -0.12415783
-0.50796444 -0.10402830
0.69824461 -0.36357927
0.25003300 -0.10455738
0.22418125 0.23648756
-0.17549160 0.08085230
-0.51212171 -0.10428767
-0.48560874 -0.09477273
-0.26418214 0.18547405
-0.03210873 0.27523104
-0.43874029 -0.07385997
-0.05455065 0.28027430
0.23264364 0.23940225
-0.03817006 0.10799132
0.23329406 0.23994083
0.59472202 -0.19301496
0.71718205 -0.38652681
0.33285773 -0.17795864
0.66523141 -0.30033135
0.25860973 0.24347566
0.69824757 -0.32437156
0.76912908 -0.45359101
-0.07773153 0.02103006
0.75562368 -0.43615974
-0.45571962 -0.02615817
0.58294905 -0.35984264
0.10151842 -0.04501587
-0.52073731 -0.11044615
0.47895986 -0.19085874
-0.56171857 -0.12873007
-0.25817624 0.00736386
-0.54415938 -0.12089562
-0.57626805 -0.13522084
-0.08203586 0.27171240
0.15287142 0.24299944
-0.24466577 0.17566492
-0.32194722 0.14259993
-0.37226742 -0.18828295
-0.08286715 0.19737444
-0.45484920 -0.00247405
-0.24965027 -0.05466649
0.08939095 0.23553720
0.00434490 0.18222332
-0.08028682 -0.10220154
-0.56563890 -0.12782949
0.17772399 0.30285192
0.25450654 0.38219855
0.16766866 0.28135212
0.24661792 0.41314906
0.29449789 0.78710432
0.25765425 0.48034273
0.29449789 0.78710432
0.26113735 0.51176492
0.25065086 0.41978430
0.29471167 0.78868098
0.25597359 0.47238300
0.29524515 0.79259342
-0.01411400 0.16511342
0.29508537 0.79141225
0.29508511 0.79141297
0.25910201 0.49834034
0.25910201 0.49834034
0.14120400 0.35275324
0.19113946 0.35323291
0.29837693 0.81554766
-0.27891731 0.02396135
0.20214993 0.26832562
0.15374007 0.35015632
0.34453053 0.33582161
0.19051457 0.27506897
0.42391525 0.46057870
0.30937031 0.74560386
0.25492305 0.70080347
-0.47159361 -0.08648231
-0.50253469 -0.05319131
0.08048973 0.46541428
0.60344033 -0.14648465
0.74356764 -0.42246797
0.60159498 -0.23774355
0.69313752 -0.42588641
0.40113822 -0.18038730
0.65685090 -0.15965946
0.36396481 0.25951823
0.09960689 0.21492267
0.04822784 0.18656371
0.67245431 -0.31956838
-0.48561379 -0.09477727
-0.58882273 -0.14082227
-0.48561379 -0.09477727
-0.28308587 -0.00379752
-0.55707522 -0.12626490
-0.48561379 -0.09477727
-0.47974613 -0.16400547
-0.53439760 -0.11654419
0.21470531 0.11366338
-0.53439886 -0.11654133
0.53928367 -0.20374389
0.53931804 -0.36180119
0.22813788 0.04859534
0.65783050 -0.32804764
-0.06107877 -0.07049427
0.65389605 -0.28801887
0.52774874 -0.11599773
0.76164704 -0.44448138
0.61818548 -0.41138449
0.71546006 -0.38717300
0.21697683 0.21868686
0.72638288 -0.39874107
0.71652282 -0.38061783
0.21697683 0.21868686
-0.58449794 -0.13889255
-0.43876035 -0.07387485
0.67772849 -0.34231444
-0.51162875 -0.10638323
0.50993092 -0.01720089
-0.50024133 -0.10129951
-0.32943830 -0.02509730
-0.52818966 -0.11376885
-0.54805679 -0.12263204
-0.51162085 -0.10637685
-0.51162085 -0.10637685
-0.50023426 -0.10129190
-0.52073586 -0.11044298
-0.57118515 -0.13295257
-0.52073586 -0.11044298
-0.30754355 -0.17389950
0.29797031 0.81256653
-0.50023753 -0.10129599
-0.52818966 -0.11376885
-0.26466289 0.05423465
-0.50024251 -0.10130188
-0.52819427 -0.11377350
0.65317671 -0.24053277
-0.54806122 -0.12263712
-0.58319583 -0.13831174
-0.15140891 0.06492065
-0.22484129 -0.18711620
-0.53965221 -0.11888377
-0.48293525 -0.04099343
0.08489363 0.21208599
0.09465137 0.10387476
0.08386597 0.25846738
0.20221160 0.27873730
0.10959949 0.24129419
0.38476999 0.54674805
0.14279218 0.60191919
0.30847447 0.66006307
-0.52310523 -0.10430308
-0.10151991 0.13207744
-0.15988012 0.09693947
-0.50023955 -0.10129624
0.49249509 -0.06360326
-0.55147851 -0.12415990
0.41950280 0.00526769
0.56048428 -0.40546909
0.63351505 -0.19943061
0.61683966 -0.26488551
0.53684275 -0.39868008
0.75837308 -0.44033667
0.45285517 -0.03166329
0.50106892 -0.38095681
0.56086220 -0.19141155
-0.39778323 -0.05559574
0.75787844 -0.43989313
0.75761195 -0.43956779
0.76112286 -0.44384303
0.21697683 0.21868686
-0.57860571 -0.13626305
-0.43876035 -0.07387485
0.67772849 -0.34231444
-0.51162875 -0.10638323
0.49686367 0.00743246
-0.48560010 -0.09476532
-0.07275789 0.09166154
-0.55956805 -0.12776952
-0.50022461 -0.10128248
-0.53440029 -0.11653937
-0.54806151 -0.12263461
-0.50022418 -0.10129050
-0.36684996 -0.02583579
-0.55956402 -0.12776798
-0.39833073 -0.04126441
0.29799507 0.81274812
-0.51162085 -0.10637685
-0.57709654 -0.13558966
-0.54805817 -0.12263228
-0.52818966 -0.11376885
-0.55717199 -0.12669949
-0.55956805 -0.12776952
-0.55147853 -0.12416000
0.29760632 0.75879243
0.11012649 0.50948076
-0.26791111 0.04132973
0.16379829 0.08600251
-0.55717108 -0.12670022
0.39462671 0.13694035
0.33351303 0.35915196
0.58920207 -0.19720842
0.57099325 -0.08877512
0.39959451 -0.01443531
0.59508732 -0.08410460
0.57207078 -0.09348781
0.56268096 -0.00319375
-0.13576846 0.22284418
-0.04527969 0.14561182
-0.52818402 -0.11376920
-0.07365233 0.14679517
-0.13983950 0.10552258
0.41463760 0.12054994
0.11239782 0.26270426
0.25087240 0.42954468
0.21011660 0.19574721
0.23833753 0.36350336
0.24491369 0.36495341
0.27555116 0.30637201
0.29256063 0.37113399
0.30123220 0.13343803
0.02001794 0.12882823
-0.50023848 -0.10129595
0.07541217 0.08178888
-0.11670783 0.11633007
0.02242987 0.04869767
0.23310766 -0.02378003
-0.01876699 0.03581803
-0.06970718 0.01618376
0.25672170 -0.08256218
0.06521060 0.00602517
-0.08079745 -0.03166721
-0.20198752 0.08888464
0.08320942 0.00406909
-0.59594204 -0.14399839
-0.54806041 -0.12263796
-0.35707413 -0.03703623
-0.58489417 -0.13906949
0.00443193 -0.00214088
-0.43661620 -0.17083183
-0.44130127 -0.17040557
-0.16085126 -0.03710094
-0.24386223 0.16151326
-0.28730750 0.08135362
-0.48561379 -0.09477727
-0.58114380 -0.13739645
-0.48561379 -0.09477727
-0.59571066 -0.14389516
-0.38844671 -0.15851812
-0.33038497 0.04961673
-0.47684669 -0.08367523
0.26604893 0.35201339
0.29508521 0.79141311
0.29449772 0.78710586
0.25728842 0.48335994
0.27185280 0.59959565
0.13597191 0.34887596
0.23597211 0.34369870
0.24258285 0.36044098
0.24251340 0.35049410
0.29926573 0.79634990
0.13780820 0.20474294
-0.13330917 0.10036462
0.33908772 0.69339609
0.09695124 0.53240791
0.24258068 0.68584957
-0.49693356 -0.09182245
0.29315988 0.76938068
0.27946284 0.34109895
0.01097477 0.18689876
0.08474488 0.37652828
-0.20508195 0.23575303
0.75607558 -0.43769799
0.29248262 -0.32722266
0.61204480 -0.22054596
0.66266202 -0.30370976
0.57153772 -0.10578136
0.71845442 -0.36240102
-0.55147926 -0.12416127
0.75224805 -0.41384059
0.47006418 -0.33208000
0.76525398 -0.44887281
0.74430162 -0.42146281
0.40174595 -0.27160217
0.41023568 -0.28054405
-0.15844576 -0.21907871
0.15172674 -0.10090868
0.72571101 -0.39742429
-0.43370692 -0.02444716
-0.22384425 -0.07745180
-0.54806540 -0.12263829
-0.54806304 -0.12263711
0.70453001 -0.38851824
0.67772849 -0.34231444
-0.51162875 -0.10638323
0.22015243 -0.27031705
-0.50024133 -0.10129951
-0.19285678 0.03583934
-0.50023426 -0.10129190
-0.50022418 -0.10129050
-0.50023426 -0.10129190
-0.52073586 -0.11044298
-0.50023426 -0.10129190
-0.53439367 -0.11653537
-0.50023426 -0.10129190
0.29783117 0.81154620
-0.53440136 -0.11654087
-0.55147506 -0.12415774
-0.48969244 -0.09562725
-0.53440044 -0.11654006
-0.55449212 -0.12550383
-0.50023426 -0.10129190
-0.50023753 -0.10129599
-0.52818966 -0.11376885
-0.50023753 -0.10129599
-0.55147498 -0.12415693
-0.55147743 -0.12415849
-0.47440108 -0.08204935
-0.50023753 -0.10129599
-0.26904833 0.02847637
-0.50023753 -0.10129599
-0.55717199 -0.12669949
-0.50023753 -0.10129599
-0.53440029 -0.11653937
-0.55147853 -0.12416000
0.28663237 0.72698220
-0.17515863 0.23067947
-0.35910935 0.02792569
-0.55716819 -0.12669934
0.47692487 0.19993079
0.17611108 0.10816403
-0.03158440 0.08102512
0.23754987 -0.00183646
0.55211335 -0.06431280
0.22342508 0.22385856
-0.04237224 0.15111390
-0.52387050 -0.10986506
-0.48822605 -0.08890177
0.06009644 0.36881534
-0.11131277 0.18038055
-0.58450048 -0.13889351
-0.24585903 0.13551306
0.23465072 0.30297837
-0.05298262 0.10065970
-0.59360867 -0.14295720
-0.53964836 -0.11888149
0.24690468 0.06801412
-0.25655782 -0.20841098
0.04534157 0.21915033
-0.38333893 -0.02937538
-0.48253598 -0.02813700
-0.50586517 -0.09604144
-0.38962622 0.06985469
0.09847685 0.28746713
0.01546062 -0.24358335
0.08969658 0.24193983
0.20039374 0.30067175
-0.26507574 0.08679253
0.29431736 0.13349189
0.11761408 0.24115279
0.23738599 0.33755250
0.22223740 0.24825356
0.29969712 0.76807820
0.23528357 0.33290389
0.04073134 0.52174042
0.47609575 0.08773347
0.08655291 0.26838846
0.14441530 0.03631247
0.11756722 0.09095892
0.20649067 -0.32420900
-0.22196791 0.03018534
0.37072206 0.58575210
0.14062417 0.52928470
0.29746804 0.71289321
-0.58724981 -0.14012032
-0.11191409 0.35644603
-0.60200514 -0.14670331
0.00825539 0.36161533
0.61021648 -0.08708013
0.23636789 -0.17087382
0.54173387 0.03492634
0.76618972 -0.45001227
-0.42166811 -0.17636948
-0.15318557 -0.11143872
-0.58449505 -0.13889096
0.09361789 0.23064679
0.72716148 -0.37722527
-0.55147851 -0.12415990
-0.57994573 -0.13686150
-0.59498346 -0.14357055
-0.46010806 -0.02628709
0.59242052 -0.27267712
0.56753781 -0.07493456
0.76920760 -0.45368663
0.75659348 -0.43738615
-0.55449272 -0.12550699
-0.28792926 0.01339817
0.63228658 -0.30560119
-0.45279319 -0.02302749
0.53732606 -0.18703466
-0.45804102 -0.00136090
-0.11265089 0.00299760
0.08361258 -0.28632034
0.72936527 -0.44050013
0.62710955 -0.27778343
0.74942054 -0.42959398
0.21697683 0.21868686
0.76211164 -0.44504686
0.75140501 -0.42239736
0.21697683 0.21868686
0.58665603 -0.17237845
-0.58222218 -0.13787705
-0.43876035 -0.07387485
0.67772849 -0.34231444
-0.51162875 -0.10638323
0.70842027 -0.37968953
-0.50024259 -0.10129995
-0.19285678 0.03583934
-0.08466152 0.37777061
-0.48560248 -0.09476694
-0.50023753 -0.10129599
-0.50023753 -0.10129599
-0.50023753 -0.10129599
-0.52818966 -0.11376885
-0.55147506 -0.12415774
-0.52072236 -0.11043336
0.29792546 0.81223743
-0.37866800 0.05881328
-0.51162472 -0.10637605
-0.50023426 -0.10129190
-0.50023426 -0.10129190
-0.56367812 -0.12960329
-0.52073586 -0.11044298
-0.51162472 -0.10637605
-0.38535902 -0.03195441
-0.53965559 -0.11888638
-0.53964893 -0.11888550
-0.58055632 -0.13713398
-0.54122448 -0.09538512
0.21970352 0.25023705
0.27287634 0.41712935
0.24083797 0.36111965
0.13522068 0.27571273
0.24779867 0.40360385
0.26855815 0.56964995
0.24316398 0.37565218
0.35512789 0.17087017
0.26808648 0.31720159
0.22039793 0.25312144
0.29305885 0.77202859
0.16612977 0.20593872
0.36826057 0.31843704
0.38136137 0.54681858
-0.14495212 0.04041600
0.30368554 0.67341628
0.29255798 0.76861197
0.19604800 0.48521538
-0.44459782 0.00954281
0.57717745 -0.20612185
0.42438500 -0.10878272
0.48687663 -0.10396591
-0.56707399 -0.13111851
0.15977959 0.24751193
0.62672785 -0.19158431
0.54780385 -0.01986614
0.56533815 -0.12543880
-0.14749911 0.15967934
-0.35378834 -0.10050042
-0.20276114 0.27340420
-0.01459372 0.19018890
-0.04435700 0.24217659
0.24346112 0.37169361
0.34691747 0.49144862
0.12973540 0.53032864
0.06928106 0.55232324
0.31585127 0.63582411
0.26423334 0.47855044
-0.35824827 0.09257567
-0.37891093 0.07923554
0.23492087 0.64188959
0.21895900 0.61243346
0.29681585 0.72907567
-0.56367899 -0.12960353
0.26109550 0.56472026
0.20328774 0.38287082
-0.26960098 0.19913513
0.39242965 0.12784003
0.26917934 0.19999020
-0.13986788 0.13120149
0.20605439 0.37300931
-0.16745212 0.20619955
-0.53965281 -0.11888385
-0.53965281 -0.11888385
-0.53965281 -0.11888385
-0.54415673 -0.12089409
-0.55717172 -0.12670036
-0.56367461 -0.12960143
-0.26207439 0.19225467
-0.39726732 -0.05502497
0.69237268 -0.42164819
-0.53965281 -0.11888385
-0.55147885 -0.12416111
-0.54806273 -0.12263667
-0.53965281 -0.11888385
-0.53965281 -0.11888385
-0.53965281 -0.11888385
-0.54415733 -0.12089427
-0.53965281 -0.11888385
-0.53965281 -0.11888385
-0.55717172 -0.12670036
-0.53965281 -0.11888385
-0.54415839 -0.12089470
-0.54415801 -0.12089463
-0.53965281 -0.11888385
-0.53965281 -0.11888385
-0.53965281 -0.11888385
-0.53200995 -0.11050557
-0.46376707 -0.01952767
-0.56367899 -0.12960353
-0.53965281 -0.11888385
-0.55147655 -0.12416047
-0.54415733 -0.12089427
-0.53965281 -0.11888385
-0.54415884 -0.12089493
-0.54805953 -0.12263493
-0.53965281 -0.11888385
-0.51162147 -0.10638858
-0.47369572 -0.16252258
0.59916785 -0.00678201
0.45112626 -0.21534907
0.63839870 -0.20821126
0.58867830 -0.40915317
0.33927958 -0.13777169
0.42821616 0.02237475
-0.58114106 -0.13739459
-0.50022461 -0.10128248
-0.51161427 -0.10637007
-0.51161427 -0.10637007
-0.51162085 -0.10637685
-0.51162085 -0.10637685
-0.55147853 -0.12416000
0.26016354 0.73806103
-0.38795748 0.03178636
0.00176624 0.47488084
0.29471246 0.78868579
-0.50023426 -0.10129190
-0.24901278 0.15135999
-0.54806197 -0.12263660
-0.01752076 0.24498098
-0.48278934 -0.09330800
-0.14076601 0.09708847
-0.51162456 -0.10638192
0.31935454 0.34209003
0.03401638 0.19414404
-0.55449169 -0.12550525
-0.32943855 -0.02509916
0.25861558 -0.32625104
0.50772485 -0.20610266
0.46724854 -0.37527987
0.52574332 -0.03963104
-0.51097443 -0.10372438
-0.52819231 -0.11377182
-0.43876461 -0.07387040
-0.21065222 0.09192556
0.27151787 0.61866960
-0.50024404 -0.10130344
-0.57538779 -0.13482876
-0.57787170 -0.13593628
-0.52517524 -0.10625366
0.24296299 0.36313674
0.23752977 0.32725564
0.26962073 0.25413508
0.24686873 0.39269129
0.25761923 0.48874553
0.26583630 0.55158784
0.24159142 0.35181334
0.29761878 0.80999059
-0.46113953 -0.07211865
0.40144729 -0.11491918
0.02395368 0.18152433
0.24512703 0.31950099
0.24505173 0.31962546
0.38351677 0.57806852
-0.16488193 0.28794498
0.29607248 0.67639132
-0.17723987 0.04362818
0.28279211 0.68572097
-0.29902896 0.00127813
0.27635272 0.36083813
-0.13341156 0.34781354
0.50966090 -0.29735073
0.66861559 -0.31201654
0.25479543 -0.26405813
0.18240350 0.24630391
0.69805072 -0.34205770
-0.23525216 0.16129535
0.14506279 0.32158949
-0.01172407 0.20964793
0.11006674 0.25362656
-0.13963753 0.16424724
-0.18541160 0.17566110
0.03726708 0.06584975
-0.34557434 0.11622980
0.21057783 0.18825614
-0.39032618 -0.06065993
-0.58222280 -0.13787731
-0.30536493 0.16036329
-0.20492008 0.13110540
-0.49466204 -0.09864123
-0.22977208 0.15473812
0.67962675 -0.33117661
0.76741005 -0.45149785
0.04639070 -0.18096138
0.54891451 -0.06127816
0.62422711 -0.38352413
0.71707499 -0.42850462
0.58112465 -0.41029798
0.72358285 -0.36947562
0.56650509 -0.17591694
0.75767314 -0.42286022
0.71506552 -0.44103614
0.59171357 -0.27518013
-0.37637350 -0.17738085
0.63975508 -0.32131247
-0.15027915 0.22333776
-0.14549465 0.01815029
-0.43876035 -0.07387485
0.67772849 -0.34231444
-0.57994360 -0.13686068
-0.52073876 -0.11044780
0.50265415 -0.09377933
0.16679952 -0.25074122
-0.32945404 -0.02510488
-0.50023753 -0.10129599
-0.50023753 -0.10129599
-0.37800660 0.03675197
-0.56545153 -0.13039441
-0.47904834 -0.08945609
-0.50023753 -0.10129599
0.29806818 0.81328372
-0.50023426 -0.10129190
-0.50023426 -0.10129190
-0.50023753 -0.10129599
-0.51162631 -0.10637821
-0.26466289 0.05423465
-0.51162085 -0.10637685
-0.42338710 -0.00498898
-0.52073586 -0.11044298
-0.50023753 -0.10129599
-0.52818966 -0.11376885
-0.56545257 -0.13039492
-0.26466289 0.05423465
-0.53440086 -0.11654021
-0.51162631 -0.10637821
-0.55717199 -0.12669949
-0.55717199 -0.12669949
-0.50023753 -0.10129599
-0.39833073 -0.04126441
-0.35585697 0.07470662
-0.51162538 -0.10637796
-0.53439516 -0.11653713
-0.50023753 -0.10129599
-0.50023426 -0.10129190
-0.51162346 -0.10637583
-0.50023426 -0.10129190
-0.50022418 -0.10129050
-0.51185241 -0.14537003
-0.53439687 -0.11653816
-0.37530988 -0.17901855
-0.58882153 -0.14082128
0.04384790 0.24528968
-0.12147138 0.06753225
0.14704333 0.16116453
0.27257401 0.61345992
0.33765983 0.64060482
0.19228221 0.69825480
0.29325221 0.75789370
-0.58222319 -0.13787744
-0.16339424 0.29285734
-0.00188025 -0.05854474
-0.58244672 -0.13767912
0.20242366 0.68847310
-0.07053728 0.19242294
0.72736072 -0.40273606
0.73040018 -0.40643655
0.72736337 -0.40273796
0.72736072 -0.40273606
0.64946880 -0.23146009
0.14103317 -0.10725519
0.51651964 0.04227536
0.51752104 -0.04166598
-0.04060048 0.10508151
-0.45337772 -0.05906851
0.11131353 0.33122471
-0.19352838 0.21739845
-0.56707256 -0.13111749
-0.54415743 -0.12089318
-0.48561379 -0.09477727
-0.59468035 -0.14343544
-0.52968037 -0.11384330
0.72617535 -0.38648404
-0.51162815 -0.10638170
-0.55717131 -0.12670107
-0.35329774 -0.06261913
0.67595989 -0.37531416
-0.43876035 -0.07387485
0.67772849 -0.34231444
-0.57860421 -0.13626305
-0.52073876 -0.11044780
0.50135640 -0.12741792
-0.19589394 -0.16948318
-0.48560463 -0.09477456
-0.19285678 0.03583934
-0.51508781 -0.10567839
-0.46609264 -0.08606547
0.14398427 0.33645973
-0.43876461 -0.07387040
-0.52073857 -0.11044825
-0.28109814 0.00107572
-0.36880406 0.03683679
-0.53440167 -0.11654191
-0.57118205 -0.13295199
0.20796996 0.28071742
0.05543887 0.19350788
-0.58114417 -0.13739613
-0.51124502 -0.09930869
-0.28132075 0.12387002
-0.38158135 -0.03309729
-0.59340072 -0.14286435
0.24365249 0.28460355
0.10384220 0.34550390
0.25472119 0.36268256
0.28137490 0.67970253
-0.19591316 0.07236760
0.21249091 0.08912645
0.14133712 0.26544438
0.20850886 0.26401424
0.19737333 0.26395669
0.37346876 0.58730490
-0.23717102 0.13621834
0.27828638 0.70046652
-0.59605220 -0.14404746
-0.09326121 0.37308446
-0.18514544 0.26611624
0.18765414 0.38093467
0.72736419 -0.40273998
0.44370074 0.04947863
0.48469767 0.04542972
0.18999439 0.26930222
0.14211198 0.26829354
0.18046486 0.27651972
-0.46304154 -0.06490267
-0.54806250 -0.12263695
-0.56368118 -0.12960509
-0.50024023 -0.10130045
-0.56707555 -0.13111907
-0.55957246 -0.12777171
-0.46607974 -0.08605518
-0.56707555 -0.13111907
-0.55957246 -0.12777170
-0.46607974 -0.08605518
-0.58489587 -0.13906978
-0.55957246 -0.12777171
-0.50024023 -0.10130045
-0.56707555 -0.13111907
-0.56707555 -0.13111907
-0.56173071 -0.12873513
-0.50024023 -0.10130045
0.31924692 -0.25445816
0.30857303 -0.27789821
0.31219000 -0.11038180
-0.56014634 -0.12797384
-0.55148121 -0.12416205
-0.19712358 0.00286843
-0.33750738 -0.11571554
0.62290612 -0.36104577
-0.43941857 -0.01867658
0.14353875 0.25144530
0.52928760 -0.15646880
0.50232942 -0.31480339
0.76631047 -0.45015932
0.54380449 -0.35289366
0.21697683 0.21868686
0.70614252 -0.36489278
0.42115808 -0.09906870
-0.32946014 -0.02511233
-0.55957362 -0.12777263
-0.43876035 -0.07387485
0.67772849 -0.34231444
-0.57860400 -0.13626293
-0.52073876 -0.11044780
0.50241774 -0.31611885
-0.05772771 -0.19062977
-0.19285678 0.03583934
-0.30498790 0.01079056
0.29820366 0.81427738
-0.55449212 -0.12550383
-0.52818966 -0.11376885
-0.52818966 -0.11376885
-0.51162631 -0.10637821
-0.52818791 -0.11376669
-0.50023426 -0.10129190
-0.52818966 -0.11376885
-0.52818791 -0.11376669
-0.56545153 -0.13039441
-0.52818791 -0.11376669
-0.50023753 -0.10129599
-0.50023753 -0.10129599
-0.50023753 -0.10129599
-0.50023426 -0.10129190
-0.50023753 -0.10129599
-0.50023753 -0.10129599
-0.50023753 -0.10129599
-0.51162631 -0.10637821
-0.51162631 -0.10637821
-0.55717199 -0.12669949
-0.51162389 -0.10637576
-0.55147853 -0.12416000
-0.50023753 -0.10129599
-0.50022461 -0.10128248
-0.56856180 -0.13178239
-0.27273792 0.01345168
-0.53439797 -0.11653725
-0.57994142 -0.13685948
-0.50428368 -0.09548455
-0.58527525 -0.13923895
0.02127198 0.23121999
0.19899531 0.30567017
-0.20395466 0.24218905
0.11228212 0.28613269
-0.58563695 -0.13940039
0.11006554 0.23506056
-0.16154762 -0.09077805
0.46849121 0.08429061
0.34784299 0.26722114
0.40972528 0.18076719
0.36774473 0.58780959
-0.19752188 0.16473229
0.29820947 0.76921524
-0.27168607 0.00016191
0.22488047 0.58577720
-0.39114383 -0.02260327
0.12903089 0.50311019
0.15477818 0.44895857
-0.56172141 -0.12873140
-0.50023955 -0.10129624
0.61653946 -0.17441516
0.34446158 -0.10023293
0.40845327 0.25505808
0.33364033 -0.03298717
0.37316660 -0.15655420
0.76361633 -0.44687945
-0.55147782 -0.12415902
-0.54431919 -0.12043086
0.61307225 -0.23221544
0.05154558 -0.04271807
-0.55449789 -0.12550815
0.46262172 -0.13261937
-0.33244765 -0.08431947
0.69836834 -0.41644246
-0.12157040 -0.16325377
-0.54416152 -0.12089580
0.14477561 -0.03101629
-0.55717688 -0.12670346
0.21620004 0.00665519
0.19518341 -0.08731636
0.18626201 -0.30277140
0.70298436 -0.36011850
-0.56367949 -0.12960556
-0.24230870 -0.07476011
0.00799375 -0.06953620
-0.55449796 -0.12550830
0.40277488 -0.35979560
0.75926642 -0.44158244
0.59624977 -0.13321267
0.23290831 -0.14599874
0.42518310 -0.25442850
0.65576769 -0.32094568
0.75894067 -0.44065817
0.55648744 -0.12765747
0.75926827 -0.43863479
0.76331772 -0.44651548
0.61818286 -0.26669064
-0.32946014 -0.02511233
-0.55957362 -0.12777263
-0.43876035 -0.07387485
0.67772849 -0.34231444
-0.57860400 -0.13626293
-0.52073876 -0.11044780
0.48731807 -0.06269162
-0.05772771 -0.19062977
-0.19285678 0.03583934
-0.50023426 -0.10129190
-0.55448272 -0.12550047
-0.37800660 0.03675197
-0.26466289 0.05423465
-0.26466289 0.05423465
-0.53965462 -0.11888350
-0.52073586 -0.11044298
-0.32086608 0.00894925
-0.50023686 -0.10129848
0.29772848 0.81079382
-0.50023753 -0.10129599
-0.53439938 -0.11653961
-0.26466289 0.05423465
-0.57929276 -0.13656955
-0.50023753 -0.10129599
-0.51463810 -0.10702139
-0.55147853 -0.12416000
0.30085536 0.78831177
-0.17666815 0.09516745
0.24623830 0.70065062
-0.29585455 0.02492745
-0.53439846 -0.11654059
0.76756807 -0.45169038
0.74118813 -0.40880609
0.72745488 -0.37800203
0.73214831 -0.40650607
0.60434191 -0.15327546
0.75534585 -0.43680889
-0.52819460 -0.11377312
-0.52073572 -0.11044261
-0.56855343 -0.13177904
-0.58222218 -0.13787699
-0.36821951 -0.18898965
-0.58527431 -0.13923920
-0.53965281 -0.11888385
-0.53965281 -0.11888385
-0.44189098 -0.17726823
-0.41703515 0.01528039
-0.53965281 -0.11888385
-0.56172640 -0.12873244
0.17019451 0.12522555
0.44468246 0.34228564
0.11575469 0.39114655
0.31713789 0.48272502
0.44468246 0.34228564
0.46176846 0.30357763
-0.42524389 0.02259171
0.05888529 0.24319424
0.12897805 0.27279891
0.26390285 0.10548952
-0.02766514 -0.00408767
0.09160330 0.27215831
0.08703031 0.27161555
0.04151047 -0.26746005
-0.20123365 -0.19117805
-0.45644069 -0.07002492
0.25175949 0.37901338
0.24276553 0.36284380
0.24748812 0.37677036
0.18659602 0.67951163
0.04254838 0.17067417
0.60657801 -0.14921289
0.15078351 0.02676045
0.36137431 0.64682002
0.00602315 0.34096884
0.33363116 0.64491349
0.28802597 0.73123393
-0.37810095 -0.03566238
-0.00503351 0.29614450
0.35802383 -0.24384509
0.67767932 -0.29544450
0.75884115 -0.44106462
0.62109496 -0.41877335
0.73917594 -0.41712038
0.41407768 -0.28328868
0.67833974 -0.32815521
0.74585201 -0.42525032
0.65873801 -0.24873162
0.25746019 -0.03752548
0.08383898 0.25511849
0.07751124 0.25293908
0.25261209 0.19298913
0.15908961 0.26793839
-0.55147845 -0.12416062
-0.50326807 -0.16339343
-0.43015884 -0.17122193
-0.57444566 -0.13440769
0.69423048 -0.32994641
-0.17305195 -0.04284798
0.39715436 0.01770199
0.42839972 -0.16105702
0.33643402 -0.26711329
0.67801474 -0.21844872
0.49544760 -0.11467579
0.69309408 -0.35672109
0.45701844 -0.23662053
0.64698164 -0.27987425
0.37574713 -0.34006273
0.71483915 -0.41491631
0.75861642 -0.43854850
0.76713634 -0.45116473
-0.56367949 -0.12960556
-0.40405701 -0.09145225
-0.22905921 -0.19639431
-0.54806304 -0.12263711
-0.25340447 -0.01170392
-0.12485284 -0.06925229
0.56322700 -0.40449179
0.67327574 -0.32971115
0.67790130 -0.34062706
0.67532370 -0.39717813
0.75349033 -0.43433030
0.65147939 -0.32779294
0.51438794 -0.13819908
0.21697683 0.21868686
0.13324419 -0.29881850
0.68214101 -0.34182307
0.63105066 -0.27595505
0.61556959 -0.40549764
0.72736325 -0.40273751
0.75363630 -0.43472720
-0.58272243 -0.13810024
-0.43876035 -0.07387485
0.67772849 -0.34231444
-0.51162875 -0.10638323
0.03320008 -0.22081457
-0.50024133 -0.10129951
-0.19285678 0.03583934
-0.48561205 -0.09477414
-0.30534647 0.01020667
-0.53965045 -0.11888134
-0.58563478 -0.13939944
-0.31096777 -0.03272363
0.39127882 0.37809109
0.23176299 0.25490588
0.42912556 0.31962430
0.23577823 0.25544055
0.38814985 0.48441558
0.25486560 0.68469051
0.30187954 0.74158221
0.27590683 0.72309125
-0.53102022 -0.11618446
-0.05230329 0.37621877
0.15985341 0.51761113
0.25861561 0.74020967
0.16617540 0.58473749
-0.58449766 -0.13889192
-0.55956385 -0.12776926
-0.50023955 -0.10129624
0.60039952 -0.29820532
0.47026962 0.10154917
0.38684882 0.01977726
0.64035761 -0.21608270
0.04677600 0.00810021
0.10828481 0.22105388
0.07727442 0.22854914
0.10218053 0.23182826
0.48045165 -0.00280280
-0.55147782 -0.12415902
0.29734007 -0.12327717
-0.55148392 -0.12416360
-0.58222277 -0.13787745
-0.56172888 -0.12873453
-0.51162849 -0.10638183
-0.56707511 -0.13111912
-0.56172888 -0.12873453
-0.51162849 -0.10638183
-0.56992676 -0.13239140
-0.56545578 -0.13039694
-0.51162849 -0.10638183
0.71467829 -0.39985738
0.47234455 0.10536488
0.64955027 -0.26620296
0.42292678 -0.31617181
0.03743514 -0.24282476
0.53220860 -0.38296709
0.75673363 -0.43849927
0.69541418 -0.35928880
0.21697683 0.21868686
0.75884035 -0.44106394
0.67776867 -0.33835953
-0.43874346 -0.07385452
-0.55717668 -0.12670324
-0.43876035 -0.07387485
0.67772849 -0.34231444
-0.51162875 -0.10638323
0.53418148 -0.34067639
-0.48560010 -0.09476532
-0.19285678 0.03583934
-0.50022461 -0.10128248
-0.51162631 -0.10637821
-0.50023753 -0.10129599
-0.51162631 -0.10637821
-0.51162346 -0.10637583
-0.36684996 -0.02583579
-0.55147853 -0.12416000
0.28521782 0.67122372
0.29792545 0.81223738
-0.24064664 0.05776557
-0.53965213 -0.11888433
0.35717224 0.27722896
0.24502528 0.30529412
0.20918276 0.26913976
0.31304504 0.31111076
0.41358491 0.20929079
0.15859426 0.23700807
0.33900107 0.22643837
0.02131426 0.29793506
0.19500931 0.30292104
0.29794429 0.35439122
0.31628876 0.32771724
0.18392048 0.26733135
0.28082725 0.29320946
-0.01240942 0.16725625
0.48521388 0.06849154
0.75813442 -0.44020409
0.41423237 0.20325078
-0.17470415 0.07917800
-0.37808198 -0.03500507
0.61862290 -0.37485210
0.31935796 0.34209091
-0.42897826 -0.06858821
0.61857841 -0.18116420
0.56513985 -0.03327663
0.68635206 -0.31698167
0.57990939 -0.11831881
-0.20732682 0.06228330
0.13793070 0.25028107
-0.52818704 -0.11376818
-0.37749948 0.08456348
0.18300048 0.25361351
-0.22663785 0.24668430
-0.06694413 0.00045748
-0.49988836 -0.05333434
-0.58365161 -0.13851462
0.02480790 0.21907483
-0.45218037 -0.06712177
-0.50875740 -0.09786880
-0.18041315 0.27837824
-0.45076115 -0.03377405
0.06803043 0.25992973
0.40730248 0.21626006
0.07546538 0.14425094
0.22194452 0.35569508
0.22186711 0.35570055
0.37957590 0.48746764
0.10817804 0.57885042
0.29653640 0.70290513
0.18394244 -0.09981353
-0.31031952 0.00283878
-0.38002148 0.07017742
-0.03423710 0.44295573
-0.29900326 0.12336416
0.67737089 -0.31327656
0.75453880 -0.43582593
0.66423848 -0.19001898
0.74778097 -0.42759776
0.61482531 -0.17336985
0.41717188 0.01118624
0.52067596 0.01249867
0.62884735 -0.27268126
0.22395137 -0.13683039
0.52418313 -0.17579950
-0.20240371 0.11278268
-0.55147851 -0.12415990
-0.30740169 -0.01469115
-0.55147934 -0.12416125
0.75966037 -0.44206188
0.53750525 -0.26033018
0.59555058 -0.41440846
0.42294700 -0.37490798
0.05348331 -0.01346081
-0.50123130 -0.10160663
0.52277694 -0.36487971
0.65735561 -0.24616443
0.72688005 -0.35243873
-0.32455571 -0.19161590
-0.28449871 -0.09629614
-0.04111749 -0.07803534
0.36373870 0.00208473
0.22198455 -0.31900302
0.69356160 -0.42979753
0.65923593 -0.31197969
0.76242797 -0.44543230
0.74805180 -0.42688546
0.74253348 -0.41941339
-0.42880181 -0.06915857
-0.55449265 -0.12550509
0.41142332 -0.21135803
0.69863200 -0.40828677
-0.56545385 -0.13039723
-0.44770769 -0.17274118
-0.50118939 -0.04793308
0.62720414 -0.27307986
0.38268026 -0.14160855
0.65114185 -0.33426778
0.21697683 0.21868686
0.51459008 -0.38734413
0.76375654 -0.44704965
0.76152260 -0.44432970
-0.32946014 -0.02511233
-0.55957362 -0.12777263
0.67772849 -0.34231444
-0.57994364 -0.13686070
-0.52073876 -0.11044780
0.53856680 -0.17268619
-0.07870337 -0.21447177
-0.32946087 -0.02510818
-0.50023426 -0.10129190
-0.50023753 -0.10129599
-0.52073586 -0.11044298
-0.52073586 -0.11044298
-0.51162631 -0.10637821
-0.52073586 -0.11044298
-0.33941170 0.04808847
-0.50023426 -0.10129190
-0.48559400 -0.09476023
0.29818073 0.81410904
-0.55147853 -0.12416000
0.30578220 0.72551346
0.06396335 0.40702229
-0.48098923 -0.08229446
-0.53965183 -0.11888337
0.38878312 0.25610474
0.55634818 -0.06384652
0.63212366 -0.22464399
0.63684239 -0.21454523
0.69749801 -0.32829026
-0.05269535 0.41369310
0.29807475 0.81333202
-0.55449212 -0.12550383
-0.26466289 0.05423465
-0.55716813 -0.12669860
-0.52818966 -0.11376885
-0.50023753 -0.10129599
-0.55449100 -0.12550421
-0.26466289 0.05423465
-0.50023753 -0.10129599
-0.51162085 -0.10637685
-0.51162085 -0.10637685
-0.50023753 -0.10129599
-0.51162085 -0.10637685
-0.50023426 -0.10129190
-0.50023753 -0.10129599
-0.50023753 -0.10129599
-0.50023753 -0.10129599
-0.50023753 -0.10129599
-0.29436305 -0.00740541
-0.26466289 0.05423465
-0.26466289 0.05423465
-0.26466289 0.05423465
-0.55147853 -0.12416000
0.26966614 0.69309958
-0.17666815 0.09516745
0.10061222 0.58309170
-0.29012942 0.02802395
-0.54806124 -0.12263641
-0.27829230 0.17822148
0.70883381 -0.34122439
0.71722470 -0.34544423
-0.29149314 0.01924608
-0.21392997 -0.09066785
-0.57118492 -0.13295306
0.58343932 0.02985839
0.68080231 -0.29681771
0.57913898 -0.10515936
0.70445924 -0.34269706
0.75206172 -0.43281012
0.67292230 -0.28401043
0.29680737 -0.27536967
0.60658093 -0.16083739
0.62104189 -0.25257497
-0.34161485 -0.01019597
0.30488850 0.30556208
-0.10735000 0.19511293
0.58611558 -0.12748522
0.63542346 -0.21706480
0.43460595 0.16898781
0.69762082 -0.36532691
0.63035099 -0.20463360
0.72074242 -0.37376695
0.38707761 -0.25479816
0.31253501 0.33386706
-0.20831942 0.06042777
-0.37808198 -0.03500507
0.61544558 -0.23102057
0.13793070 0.25028107
-0.54415744 -0.12089447
-0.19285678 0.03583934
0.63681246 -0.35634362
0.53870844 -0.39326383
0.52788223 -0.00913357
0.48304229 -0.32699233
0.23258822 0.02778747
0.56169744 -0.39857407
0.55111944 -0.39604310
0.43214151 -0.01332661
0.40154291 -0.36404420
0.52897726 -0.14869041
0.37226954 -0.24163043
0.75837896 -0.44050317
0.64303968 -0.22508686
0.06853506 -0.10884777
0.37529896 -0.12145308
0.49641400 -0.38269547
0.52223917 0.00659710
0.33369524 -0.00085426
0.36682383 -0.25192860
0.45844663 -0.37254438
0.37626790 -0.06187801
0.57198388 -0.40020109
-0.32549919 -0.00448686
0.53251354 -0.01647092
0.42136109 -0.35609855
0.29220483 -0.18538577
-0.53090834 -0.11320094
-0.00194349 0.25769503
-0.43876461 -0.07387040
-0.31611099 0.04247698
0.27151787 0.61866960
-0.46609431 -0.08606763
-0.57709417 -0.13558921
-0.38213780 0.07787627
-0.45339417 -0.02648305
0.72735856 -0.40273390
-0.35860794 0.05752883
-0.38608960 0.02809632
-0.32946014 -0.02511233
-0.57860413 -0.13626302
-0.08290642 0.09232780
-0.53439869 -0.11653901
0.10459768 -0.21391661
-0.32946087 -0.02510818
-0.35568273 -0.01752329
-0.13832768 0.24493029
-0.43876461 -0.07387040
-0.04159024 0.24700723
0.10013988 0.04761232
-0.33084354 -0.02002037
-0.55717193 -0.12670238
-0.53440419 -0.11654393
0.72278403 -0.38884348
-0.19199324 -0.21012133
-0.57709749 -0.13559076
-0.39406097 0.04446406
-0.03044297 -0.17579193
-0.42073872 -0.01271462
-0.20149217 -0.16171378
0.20173594 0.32187415
0.23122874 0.36523183
0.22097132 0.35968052
0.35690013 0.59769913
-0.40272097 0.03519066
0.30215581 0.76854274
-0.21117408 0.02842650
-0.59162153 -0.14114838
0.29449731 0.78710092
-0.19357286 0.24855353
-0.24629359 0.17889242
-0.55717016 -0.12670132
-0.50023955 -0.10129624
0.69688362 -0.27543949
0.67886639 -0.29237920
0.73918158 -0.41712746
0.50947360 0.02452224
0.74685879 -0.42647481
0.75083257 -0.43131354
0.57702539 -0.10282993
0.74777966 -0.42759644
0.74356691 -0.42246861
0.74476501 -0.42392685
0.74356707 -0.42246874
0.74585728 -0.42525659
-0.47278275 -0.07025304
-0.28355043 0.03862988
0.68220399 -0.29447703
-0.55147926 -0.12416127
0.45724240 -0.04271402
0.48674727 0.06749343
-0.57444759 -0.13440953
0.56887779 -0.11867461
-0.54806249 -0.12263629
0.72745129 -0.41232696
-0.43876035 -0.07387485
0.67772849 -0.34231444
-0.51162875 -0.10638323
0.00975435 -0.17434764
-0.50023504 -0.10129691
-0.19285678 0.03583934
-0.55147263 -0.12415657
-0.52818701 -0.11376742
-0.50023426 -0.10129190
-0.50023426 -0.10129190
-0.52073539 -0.11044285
-0.50023753 -0.10129599
-0.52818791 -0.11376669
-0.50023753 -0.10129599
0.08142121 0.21624217
0.29836545 0.81546347
-0.55147853 -0.12416000
0.17523816 0.63539280
-0.09695197 0.38225572
-0.39206538 -0.03100909
0.23868797 0.01848647
-0.55716820 -0.12669945
0.04416204 0.41866167
-0.30865507 -0.18542869
-0.05950632 0.24354864
-0.02315591 0.25198074
0.29660972 0.31466556
0.67530658 -0.28044334
-0.03515328 0.26951478
-0.29553379 0.01474368
-0.52818402 -0.11376920
0.01841585 0.01665453
0.00131794 0.05860973
0.18890474 -0.00242600
0.02454248 0.13273264
0.15120133 0.11973842
0.35177561 0.10611809
0.40363908 0.06859180
0.52156297 -0.03002814
0.23986903 0.25165475
0.34882043 0.23994949
0.34480662 0.33533345
0.30834462 0.33998218
0.36941862 0.29255623
0.31120032 0.36608841
0.11099628 0.29135152
0.24756877 0.42206385
0.29655623 0.35246799
0.28639753 0.46664049
-0.24449379 0.04273387
0.59709126 -0.14720515
0.65491421 -0.20960413
0.68298274 -0.29990129
0.68651561 -0.28493433
0.75495471 -0.43633213
-0.16873912 0.09449873
-0.52818765 -0.11377011
-0.05916675 0.09640013
-0.27139065 0.01154674
-0.55449532 -0.12550717
-0.53964893 -0.11888550
-0.58221958 -0.13787634
0.09615543 -0.07242820
-0.20550079 -0.03419052
-0.48388674 -0.04302037
-0.59100502 -0.14179546
0.27578013 0.63322013
0.26854443 0.57779628
0.25251906 0.44312137
0.28293817 0.69286889
0.27280245 0.60720883
0.25783976 0.36771155
0.26702944 0.55869664
0.23738806 0.31752867
0.28970636 0.75200962
0.27376051 0.61457742
0.25780770 0.44213325
0.29816607 0.81400146
0.26100339 -0.02987137
0.14879686 0.14602924
0.28940574 0.14522804
0.35282658 -0.01569192
0.18624835 0.22475806
-0.11223835 -0.24916523
0.35447480 0.08226342
0.03923932 0.18946110
0.44369471 -0.10438507
0.40783460 0.19301489
-0.02018698 0.16771189
0.27849725 -0.10960483
-0.06506716 -0.05844488
-0.05900670 0.25067690
-0.06343671 0.24729937
0.34425419 0.56128007
0.22523665 0.62510900
0.32093160 0.70112725
-0.57994419 -0.13686151
0.29145137 0.75799265
-0.33137343 -0.01173772
0.05662570 0.39545906
0.28632930 0.72549518
0.26757261 0.58946993
-0.55956385 -0.12776926
-0.50023955 -0.10129624
0.71907196 -0.32545170
0.62815771 -0.19071295
0.57873371 -0.10272498
0.75861361 -0.44078739
-0.54415985 -0.12089511
-0.57787491 -0.13593780
-0.56707474 -0.13111928
-0.39505514 0.01849364
-0.56856078 -0.13178180
-0.56368185 -0.12960530
-0.07087342 0.18066840
0.56460310 0.09202778
-0.36877167 0.07558562
0.12755158 0.26432458
-0.58408500 -0.13870801
-0.30131264 -0.01787724
-0.57118643 -0.13295344
-0.53899794 -0.14984964
0.67100548 -0.35839852
0.38423396 0.10975136
0.66098974 -0.35208763
-0.52515105 -0.11230670
0.76589447 -0.44445530
-0.43876035 -0.07387485
0.67772849 -0.34231444
-0.57860400 -0.13626293
-0.52073876 -0.11044780
0.71457676 -0.38718306
-0.05772771 -0.19062977
-0.19285678 0.03583934
0.29840623 0.81576244
-0.50023753 -0.10129599
-0.55956691 -0.12776821
-0.52818143 -0.11376353
-0.50023426 -0.10129190
-0.56172526 -0.12873187
-0.48976294 -0.09566038
-0.54806541 -0.12263726
-0.52073481 -0.11044243
-0.50023753 -0.10129599
-0.50023426 -0.10129190
-0.51162472 -0.10637605
-0.50023753 -0.10129599
-0.50023426 -0.10129190
-0.50023426 -0.10129190
-0.56707315 -0.13111806
-0.50023426 -0.10129190
-0.52818966 -0.11376885
-0.51162631 -0.10637821
-0.52818966 -0.11376885
-0.53439580 -0.11653714
-0.52818966 -0.11376885
-0.43759737 -0.06142467
-0.53439758 -0.11654030
-0.57234903 -0.13347263
-0.48180942 -0.08295527
-0.50561559 -0.09616375
-0.48033336 -0.16222944
-0.00825149 0.25406991
0.13664472 0.32988066
0.27262199 0.60441850
0.26832475 0.56923657
0.26129201 0.51155508
0.25432282 0.37888934
0.27836544 0.65248213
0.26850210 0.57077533
0.27063240 0.58818078
0.27093684 0.59091022
0.27494025 0.62423198
0.26891849 0.44807453
0.29830942 0.81505278
0.12849489 0.23891784
0.29191382 0.33788318
0.35514670 0.53511640
-0.05948162 0.32280465
0.06105749 0.53839304
0.28282870 0.69092601
-0.28113578 0.17338798
-0.03040988 0.38602459
-0.16450038 0.25938474
0.62730908 -0.35438760
0.76188580 -0.44477175
0.68078833 -0.34024178
0.70391604 -0.43288041
0.44152540 -0.37573115
0.40644059 -0.32419955
-0.57343968 -0.13395862
-0.54416053 -0.12089443
-0.39505514 0.01849364
-0.56707560 -0.13111915
-0.55957138 -0.12777077
0.71968369 -0.39238873
-0.43876035 -0.07387485
0.67772849 -0.34231444
-0.57787269 -0.13593696
-0.52073876 -0.11044780
0.43525651 0.00189682
-0.16379380 -0.16686904
-0.48560463 -0.09477456
-0.19285678 0.03583934
-0.09505423 0.22124124
-0.35834285 -0.13402790
-0.13377443 0.16561209
-0.28726537 0.02891500
-0.43876461 -0.07387040
-0.52073857 -0.11044825
-0.43874029 -0.07385997
-0.27610058 0.09648102
-0.51163639 -0.10638597
-0.57929275 -0.13657038
-0.06475963 -0.18905373
-0.32939274 -0.02508174
0.07524819 0.52797457
-0.26835735 -0.18758693
-0.05939964 0.20221782
-0.25233360 0.05198047
-0.54415922 -0.12089532
0.25980471 0.36183743
-0.14076601 0.09708847
-0.51162074 -0.10637869
0.71960260 -0.39330136
0.13461807 0.24874180
-0.29767406 0.01061565
-0.32939274 -0.02508174
0.19236991 0.04044354
0.28787397 -0.05745236
0.34008726 -0.01668529
0.19236991 0.04044354
0.19236991 0.04044354
0.19236991 0.04044354
0.62056206 -0.18667088
0.19236991 0.04044354
0.46906096 -0.22340283
0.55788526 -0.06236940
-0.02267991 0.15267196
-0.49476519 -0.09604245
-0.46609264 -0.08606547
-0.43876461 -0.07387040
-0.13033065 0.10687522
0.27151787 0.61866960
-0.51162805 -0.10638232
