-8.629867 -17.226377
-35.696568 -17.425606
-25.625528 -18.197657
-8.577087 7.923336
1.242064 11.872931
-12.034887 21.080626
9.024144 38.325260
-7.756247 18.148746
-13.453775 -17.474438
0.366064 -14.035347
6.660528 10.039582
13.803419 -0.671372
15.310218 -0.960520
25.436766 -1.533596
21.567301 -1.051891
9.332362 9.010466
30.928934 -1.105168
1.103803 1.885700
21.912516 -3.231467
10.421163 2.241808
3.623793 2.010930
33.493557 -1.443054
25.121738 -1.464198
17.686438 3.474233
5.841667 10.505306
9.731563 9.822596
26.048769 -1.538295
13.512026 9.628173
35.428532 -0.936915
5.379253 8.033281
16.603725 5.110085
2.367419 -14.451838
-21.745152 -19.054153
-17.323929 -19.407518
16.906612 -7.807568
-12.460301 -18.901535
-8.797393 -17.514458
-23.561668 -18.308674
-23.626984 -18.551054
-7.399437 -15.301524
-12.349413 8.639417
-1.472976 48.721706
13.700547 35.931038
14.609605 36.787582
6.629049 44.086403
6.629049 44.086403
-13.124566 -23.000637
-8.603728 16.638218
5.846521 -9.750213
3.880947 -4.312500
22.728251 -1.211602
14.095894 -8.337329
3.185180 11.136754
13.803419 -0.671372
18.537453 -1.260851
25.436766 -1.533596
-11.069208 11.044176
-0.033121 -17.068241
-1.725849 10.626570
20.951145 -1.013374
22.728821 -1.211707
-7.399437 -15.301524
8.077067 10.118742
22.480997 2.741981
12.779295 0.449548
10.075928 9.071570
33.832233 -0.960095
18.873474 3.509274
4.302988 -15.640535
-19.681870 -18.835770
-11.825126 10.247459
-16.868912 -20.148527
-12.732542 7.227930
-16.867582 -20.035839
-17.482899 -22.871387
-8.749360 -17.474548
-35.518818 -17.513243
-26.835844 -18.135168
-10.398624 7.954003
-11.885225 22.596035
-7.603087 47.217171
-7.387564 18.085711
0.647323 -14.073335
6.660528 10.039582
13.803419 -0.671372
24.445639 -1.449339
25.436800 -1.533697
5.155657 -13.104073
9.086427 9.577864
0.431543 1.754956
16.726824 -3.477889
5.614686 10.624678
34.705822 -0.879499
2.334146 -14.529877
-19.422756 -18.908623
-16.859234 -19.412727
9.523069 -11.278359
-12.722154 -18.328917
-9.050509 -18.008892
-11.977003 20.498461
-8.590622 48.202435
-7.231195 17.958885
-10.917096 6.817098
5.776395 -13.012751
19.600803 4.134819
19.411291 -5.233986
12.760051 9.702506
5.196495 -13.624980
16.872612 -3.468405
35.951874 -1.570703
16.338142 5.170949
29.328074 -1.533618
31.760847 -0.955481
17.818228 -1.249541
9.918537 9.484734
26.348228 -1.519122
29.644560 -1.328050
24.161690 2.013209
32.279324 -1.435594
29.652615 -1.318380
29.183750 -0.795142
10.281013 -10.651038
28.870369 -1.308347
32.281952 -1.432981
28.182625 -0.894494
28.443485 -0.913189
21.665422 0.585197
28.231920 -1.503909
21.881596 -3.239449
28.148327 -0.884726
13.592209 9.549720
27.230949 -1.271129
26.577766 -0.433092
31.257772 -0.901693
29.188242 -0.802688
12.229788 9.623704
18.419533 -7.502446
32.598454 -0.736640
10.739518 9.709876
11.819350 9.470164
12.305598 9.626647
32.290684 -1.324764
16.349466 0.589335
1.204406 12.240546
6.163667 -9.636755
15.362415 -0.916705
3.996612 -12.174605
22.660179 -6.599170
17.749586 4.364897
17.688610 4.726439
19.903856 0.827117
10.575242 0.948260
10.725111 -10.701613
30.613495 -0.927270
20.674208 -3.436336
34.470329 -1.258201
11.177695 -5.680861
34.211349 -0.969312
20.583609 3.683829
21.630552 0.609043
1.942122 -15.100577
-19.422756 -18.908623
-16.734520 -20.069628
5.704524 -12.318849
-12.325533 -18.662975
-8.369007 -16.679701
-18.850834 4.258658
-12.764251 22.863283
-8.573960 48.235321
-9.198751 21.174536
-1.963649 -17.128738
16.751675 -3.476572
20.467184 2.381900
12.183492 -9.593738
25.711767 1.464662
26.947733 -1.497375
15.326739 -0.987046
19.341564 3.978279
29.647699 -1.322667
13.825686 9.552144
14.150534 9.539762
21.719936 -1.771254
11.177209 9.696753
18.694246 -7.391308
16.954269 -7.283656
29.573723 -0.746438
3.461455 2.057075
27.886284 -1.297449
9.793486 1.239276
21.567638 -1.051955
7.757327 -12.303885
5.338414 8.657598
0.063175 -16.957584
20.951832 -1.013399
6.149782 -9.462132
16.577740 1.138146
22.899652 -6.646886
0.499678 12.628382
0.977512 12.405157
2.999877 11.317249
2.445344 11.584725
2.199152 11.724658
11.444093 9.638618
22.540293 -3.033027
33.056519 -1.276114
16.624386 5.090261
33.392319 -0.830367
19.043182 -1.497974
33.056000 -1.276286
20.524794 -0.292848
14.960988 -8.889678
17.849476 -7.750568
28.505991 -1.340841
32.819382 -1.483137
30.626928 -1.004272
28.800783 -1.187976
10.081828 -9.943168
34.773617 -0.897498
29.642334 -1.329556
23.284571 2.325102
18.143002 4.656459
30.939070 -0.940794
32.555832 -1.024688
9.203576 9.899320
31.758644 -1.128377
18.312447 -0.093804
-0.468161 13.178741
6.130199 -9.667567
20.952517 -1.013006
15.663751 -1.018746
19.680248 -0.669054
2.372744 -15.516284
19.730997 -7.402719
22.745964 2.604499
20.679333 -6.654555
18.608782 4.515185
21.869005 -3.302190
29.646255 -1.324912
25.014692 1.803284
36.315674 -1.130635
35.502838 -1.068622
22.610870 2.621591
18.855705 0.557146
27.639244 1.227961
35.313404 -1.656430
16.015516 5.072501
36.154179 -1.178747
14.272557 9.581968
13.769791 -0.220505
35.860294 -0.933651
35.860313 -0.933702
7.405405 -10.967079
25.759451 -1.423320
0.772356 -16.502094
19.206656 4.232277
2.505008 0.792923
2.290125 9.784855
35.025642 -1.535049
33.053490 -0.877567
9.424087 1.714956
20.466022 -3.489014
10.416566 9.263443
14.848471 5.294405
33.908844 -1.391485
9.959757 1.101866
11.685503 -10.349598
-8.575278 -17.143003
-35.263050 -17.467112
-26.835812 -18.135101
-9.671759 8.014236
-12.050485 20.642796
-8.201583 47.883873
-7.337018 18.131245
-20.315134 3.199920
16.771648 -3.480437
-3.250178 -2.260091
30.637564 -0.995650
32.795719 -0.963747
25.437626 -1.533871
32.281834 -1.432954
17.797646 4.782922
12.786835 9.565392
18.890007 -2.857232
28.508785 -1.360384
14.432081 -9.172114
-14.804064 5.473265
-12.549647 6.615227
2.946364 -15.462796
1.027697 -9.897857
-0.649858 -17.515203
3.322950 11.178763
19.678909 -0.669349
6.148669 -9.462210
14.474493 -5.569658
9.790808 8.179142
26.950148 -1.507086
29.644846 -1.326021
18.990639 -2.786302
28.502909 -1.174879
27.227478 -1.290828
31.762772 -1.008009
31.515991 -1.010054
32.595848 -0.738165
26.352430 -1.529509
30.267616 -0.782224
20.335464 -0.930743
3.185180 11.136754
3.149622 -14.703152
12.874199 -0.700761
20.336531 -0.930696
3.428853 -14.678893
14.359424 -0.839284
29.571892 -0.745279
19.839575 4.021802
36.034187 -1.504762
35.105621 -1.668716
22.138119 -6.601677
30.839609 -2.742008
12.579985 -3.268679
21.836420 -3.318139
33.237514 -0.768868
13.835566 9.606333
7.405493 -10.967090
25.759476 -1.423322
22.186649 -1.119876
9.479408 9.465032
-6.034209 16.937588
10.064120 9.728995
0.475880 1.876741
22.555378 2.618384
33.816654 -1.094762
12.728103 -9.669665
8.679858 -10.844152
10.562524 1.074201
-1.008852 13.688318
8.478088 9.534185
14.101719 5.107096
7.048832 8.451971
9.647969 1.306260
5.882827 -4.634751
14.031276 5.395778
23.773689 -6.422996
8.272621 1.810705
35.426517 -1.628217
3.011016 11.504045
7.115673 -12.624008
19.466770 -7.487339
20.831842 -3.461149
20.477192 -3.494475
6.623419 1.219841
24.864292 -3.149926
5.306701 -12.648359
-19.464998 -19.516150
-17.002672 -19.321167
5.222971 8.470052
-12.709470 -18.899939
-8.604125 -17.177530
-7.194255 17.847383
17.551117 6.341456
26.048712 -1.533729
27.228142 -1.291098
20.540255 -3.490815
32.053673 -0.880065
24.827028 -1.465116
27.635332 -1.566284
13.893803 -9.393511
-1.211778 -17.916351
20.336531 -0.930696
6.155475 -9.494045
18.074493 4.605511
6.306826 -5.423657
3.866807 -14.408668
10.210542 -9.228493
15.470419 -8.455699
14.571302 -2.168077
8.017634 -10.057783
9.190273 -11.408350
5.789399 -10.716185
11.589186 -8.331598
9.513323 -11.163454
1.372331 -14.539468
2.404367 -16.263330
5.572057 -12.111282
3.419715 -15.009705
20.951307 -1.013375
10.968366 -10.207634
5.695297 -4.730281
1.204406 12.240546
16.349268 0.589776
15.677041 -1.008959
3.900774 -13.033503
1.905201 47.000751
1.905201 47.000751
1.905201 47.000751
-0.468973 47.579182
13.777304 38.056313
11.983747 37.283371
1.398857 46.912231
-7.155860 48.409218
14.609605 36.787582
-6.720140 47.968998
7.389005 43.948631
13.658453 38.267391
11.983747 37.283371
1.905201 47.000751
11.983747 37.283371
14.609605 36.787582
14.221391 35.648968
13.700547 35.931038
14.609605 36.787582
14.609605 36.787582
9.810241 38.299675
8.014536 37.741879
7.338671 45.770554
8.014536 37.741879
-7.155860 48.409218
14.609605 36.787582
14.609605 36.787582
11.956147 37.291401
8.181431 44.793350
-0.272230 48.302727
13.777304 38.056313
8.014536 37.741879
11.763783 41.651363
11.763783 41.651363
11.763596 41.651222
-2.606104 48.609772
8.181431 44.793350
-2.606231 48.609776
6.883719 44.997154
1.649560 47.418423
7.110474 45.022816
-7.155860 48.409218
-7.155860 48.409218
-3.800470 48.791889
14.609605 36.787582
14.609605 36.787582
11.225558 35.789791
-3.815513 48.791199
14.221391 35.648968
14.438087 35.644230
14.438087 35.644230
14.438087 35.644230
14.609605 36.787582
14.609605 36.787582
14.609605 36.787582
13.700547 35.931038
1.649560 47.418423
-0.465149 47.591839
1.398857 46.912231
6.629049 44.086403
-6.534369 49.140339
-6.534369 49.140339
9.357766 38.327141
-6.534369 49.140339
-7.300356 48.131592
11.763783 41.651363
9.944457 -11.327496
-12.337742 -18.670053
30.585999 -3.952695
22.186747 -1.118787
-29.595474 -17.611296
-26.729145 -21.822515
-30.322634 -19.901884
-30.169542 -20.100130
-36.419601 -15.959180
-35.899815 -16.326105
-37.221531 -16.863653
-22.208979 1.968159
-24.296015 -1.386413
-36.754131 -16.031841
-19.401627 3.794693
-22.206408 -19.115536
6.998136 -11.801105
-9.846216 18.524504
-15.491568 -19.697531
-11.183815 -16.690786
-22.992477 0.767137
-11.864023 18.969498
-12.786108 23.834488
-23.625774 -18.551966
-17.524153 -22.925512
-14.179973 -22.757071
-14.180782 -22.758305
-27.709646 -17.852417
-26.836220 -18.135155
-31.544491 -17.741503
-16.989054 5.690581
-21.294872 3.290693
-31.543928 -17.741673
-12.915734 8.906848
-21.538477 2.786543
-11.278765 16.938601
-23.630089 -18.549355
-11.164627 10.090360
-20.941177 2.614658
-13.006120 7.995636
-17.237925 4.068097
-1.238795 1.471996
-16.634235 -16.530361
14.468372 -9.205940
19.514523 -7.351680
33.323483 -1.482761
13.138763 -9.802232
15.311598 -8.836875
30.800434 -3.826506
16.969934 -7.711125
5.873928 -13.358657
23.382732 -6.523573
-9.345564 8.517092
-10.423401 11.843880
16.931652 -1.114506
-16.336994 5.606153
-9.109406 8.367535
7.192764 -12.513346
22.906717 -6.641016
-23.555248 -18.318121
0.977785 -10.725730
5.210271 8.274304
9.152354 9.524469
3.024442 -13.863289
-19.388248 -19.072813
-16.704073 -19.570017
3.842021 -14.879889
-16.867582 -20.035839
-10.619453 14.503929
4.533711 -14.201595
9.277915 -6.162958
3.024435 -13.863292
-19.283003 -19.165180
-16.936743 -20.360920
26.047920 -1.540513
-12.954007 -18.711376
-8.633655 -17.115946
18.040001 -2.954000
19.680349 -0.669084
7.895377 -10.510287
3.632056 -13.542361
2.178649 -10.957310
4.944354 -13.858481
4.760084 10.717483
14.992282 -0.798873
5.617094 -13.498199
15.909061 5.152992
18.469696 3.726490
16.348063 5.123520
18.469696 3.726490
2.984590 -12.946027
9.906247 9.576021
36.017395 -2.298683
8.011945 9.519965
22.046471 -6.827341
9.152684 9.525034
2.710893 11.463397
15.878847 4.980981
2.724689 -13.918910
-21.537979 -18.863247
-17.129137 -20.361319
6.190029 -13.185230
-12.490891 -18.379282
-8.670317 -17.273611
-8.786001 -17.599583
-35.519787 -17.512609
-25.628443 -18.199669
-9.111490 8.367770
5.035324 -13.732468
22.710833 -6.590218
9.152684 9.525034
4.030412 -15.804054
-21.733797 -19.063564
-16.670013 -20.180487
6.698682 -12.822366
-12.492281 -18.383875
-8.670317 -17.273611
-11.677855 21.879280
-28.475388 -17.990232
22.076653 -0.292892
-29.579905 -17.609919
-36.443161 -17.315760
-20.694782 4.782718
-30.247124 -17.573303
-19.878534 -19.706768
-17.560253 5.383539
-31.522194 -17.734581
-28.474323 -17.988085
9.194665 -11.149359
-23.613472 -18.556047
-23.623028 -18.552277
-36.151463 -17.264320
-13.109086 8.868216
-19.704626 -18.837591
-12.337738 -18.657837
2.073047 -14.890212
-22.174221 -19.140280
-1.357780 1.577040
1.005736 -11.379679
0.299088 8.511204
-13.354259 7.645218
-27.715662 -17.823244
-14.389958 7.606963
12.373341 -10.140745
10.988088 -10.517589
-27.710745 -17.852709
-38.077999 -16.483124
-4.469681 5.451467
-4.521152 5.695327
-10.881447 20.305298
-4.617146 6.086008
-11.581403 21.718786
0.368619 4.032366
-15.061795 5.938160
-4.809792 -2.379574
12.801606 0.375588
8.944894 9.644394
8.818173 10.031958
16.660074 6.221407
7.729416 6.971690
1.060913 12.529667
-11.582476 9.644644
-7.778368 17.850767
-11.050664 20.529959
-12.900987 6.522069
-7.561994 15.444671
-12.927919 23.294683
-6.695288 19.384960
-21.375887 3.188412
-14.006967 6.982671
16.831608 -6.521134
3.005152 10.352059
8.048473 1.497305
12.746197 -3.253135
-10.468412 13.516232
-1.364583 7.922094
18.154842 -7.820908
33.058323 -0.845400
17.812607 -1.250473
8.698964 7.535630
-29.580662 -17.610113
-22.684381 0.849568
-22.138992 2.226874
11.728456 -9.241894
-24.538956 -0.744880
2.001733 0.968011
8.510955 -7.605204
13.794808 -6.969987
-36.028786 -17.215649
-13.961817 7.399463
14.146935 -0.745397
-26.834166 -18.131645
-12.864217 -18.377327
-9.618507 9.651694
-0.158431 47.965500
1.649560 47.418423
7.332817 43.943626
-0.466357 47.595406
14.609605 36.787582
6.759904 45.490337
-11.941609 21.141245
6.298581 44.860661
1.887991 46.981293
-7.155860 48.409218
-6.535707 49.177937
-0.468973 47.579182
6.298581 44.860661
14.609605 36.787582
14.609605 36.787582
13.481799 36.737015
-0.497263 47.599232
1.649560 47.418423
14.609605 36.787582
-13.124566 -23.000637
-0.520305 47.925365
-4.571115 48.845436
6.629049 44.086403
-0.459128 47.560905
-0.272230 48.302727
14.609605 36.787582
1.649560 47.418423
-6.102277 48.169930
-6.102277 48.169930
-0.468973 47.579182
-9.278059 9.136846
-6.407622 17.460119
-23.000572 -22.036148
-1.417485 -17.324291
-12.822136 23.044954
-0.893218 13.572444
14.348142 -5.405846
-10.549885 10.507782
27.703690 1.184411
25.163626 0.246681
7.274391 6.875967
32.815746 -1.470124
13.037677 9.593494
20.205572 3.798049
9.212903 1.420309
30.927101 -1.117856
15.742498 5.221744
23.524641 -6.499297
1.368437 -13.293912
20.950890 -1.013022
4.880358 -11.317216
-8.574075 8.192056
3.052945 -13.793967
-19.422762 -18.908619
-17.318872 -19.492882
5.484162 -13.550652
-12.840545 -18.367188
-8.633655 -17.115946
-9.900997 -16.478039
6.382110 -12.862993
36.613983 -1.586563
6.211967 -12.028347
3.029766 -13.859229
-19.388248 -19.072813
3.986813 -14.718447
-12.496769 -18.380402
-8.633655 -17.115946
-30.247614 -17.573828
-22.126398 -18.218407
-12.934801 -18.520468
-5.934566 49.247746
7.110474 45.022816
6.759904 45.490337
13.481799 36.737015
14.609605 36.787582
6.629049 44.086403
-13.124597 -23.000977
0.572086 -16.678099
-10.411433 12.282410
-7.176397 19.778181
-10.604094 14.505910
-38.191757 -16.888487
0.749961 -13.894714
-12.947073 21.065958
-11.417009 16.614830
-5.256253 7.624255
-7.643279 15.461376
-9.751958 17.793550
3.965407 9.642308
-11.294623 16.367785
14.149088 -1.412514
6.660528 10.039582
13.803419 -0.671372
17.043957 -1.187354
14.222464 -8.810775
21.567301 -1.051891
-12.934801 -18.520468
0.060890 -9.355486
14.980636 9.120829
6.375572 -14.643910
13.339715 9.557754
7.544920 -12.127915
8.569965 -11.576706
1.870572 -15.195382
-19.934792 -19.296211
-17.629671 -20.049669
-7.397962 16.945810
-12.883875 -18.395573
-28.474609 -17.987770
-12.039770 -12.562379
-28.512283 -18.367657
-27.728062 -18.350552
-17.543375 -22.946207
-17.902723 3.441558
-18.187929 4.941000
-3.194977 -4.315358
-6.072989 -5.113447
-8.522961 -5.574361
-6.998254 -4.688499
-7.881392 -4.737288
-10.641944 -15.109496
-30.244276 -17.572659
-23.289433 0.255663
-6.341446 -3.891880
-21.514013 -18.413660
-21.017460 1.487578
-37.472504 -16.091581
-3.649069 -4.946154
-36.948456 -17.144459
20.469042 -7.213238
-14.638461 7.317306
-3.002347 2.822241
-8.053906 -4.645555
-11.416726 8.308279
-2.850996 0.106108
-5.676383 -5.856544
-4.999057 7.055491
-5.623691 -6.036046
-7.619605 15.518397
-16.087841 4.723914
-5.496623 -4.374593
9.081817 10.023529
-28.514206 -18.361851
-8.025084 16.075104
8.153390 37.834003
-10.031908 21.209360
12.276178 -4.126544
14.005574 3.963218
34.924644 -1.246041
16.711718 3.310347
27.396988 1.330315
-1.391047 1.231040
27.533514 1.313926
5.553540 -3.852473
1.989241 5.803825
12.024112 2.626195
33.057034 -1.275861
18.749922 4.435532
1.851045 2.081180
15.983957 5.114518
15.592186 5.158233
12.549674 9.516564
2.777658 2.739930
-27.726475 -18.357391
5.694086 -11.696359
3.574836 -14.716338
-5.157619 -5.834314
-37.275433 -16.213804
-17.019775 -19.484045
-19.429337 -19.624907
17.920891 4.153546
-12.900905 -18.752195
-21.475573 2.520791
15.520650 -0.935510
-21.747688 -19.045683
-12.577641 -18.920490
5.954165 -4.528372
36.702454 -1.237433
25.760750 -1.423486
19.802338 3.884470
29.184813 -0.784924
33.056717 -1.276063
28.503117 -1.216215
7.874716 9.987997
16.349295 0.589763
-0.443400 13.170848
6.130274 -9.667547
23.635868 -1.362813
20.951710 -1.013451
7.332817 43.943626
-2.606231 48.609776
7.439559 45.780239
-6.384976 48.263042
1.649560 47.418423
1.649560 47.418423
-1.698883 48.071213
0.187509 12.906363
14.935831 35.714294
-12.012960 23.164742
-5.934566 49.247746
1.419720 46.890373
-7.155860 48.409218
13.700547 35.931038
-4.570620 48.845142
13.700547 35.931038
-6.194892 48.736786
-6.194892 48.736786
-6.224930 48.843922
-0.444714 47.562492
-30.762461 -17.850616
-34.839603 -17.249332
-21.569744 -18.324141
-11.183839 -16.690800
-14.320469 6.901083
-6.958790 48.044098
-1.702437 48.082638
-1.660644 48.441792
13.700547 35.931038
-13.124566 -23.000637
-6.523236 19.713097
-13.175556 8.588163
-1.405517 -17.278652
-2.842811 -6.381974
9.330487 -9.160010
0.603021 -2.325091
2.287014 11.646025
13.803419 -0.671372
14.492070 -0.771374
16.536213 -7.778682
-22.378475 -22.802649
21.567301 -1.051892
-11.183573 -16.691051
4.359081 -4.341994
13.872721 8.744666
10.691998 -10.352607
4.429255 -14.075029
14.905188 5.264340
2.832726 9.936383
9.265836 1.670732
1.991428 -15.014624
-21.708487 -18.214897
-17.512159 -19.942036
0.140943 -8.778969
-12.930729 -18.484318
-17.448484 -22.845188
-29.580582 -17.610109
-22.195864 -19.119524
-12.337807 -18.664021
14.609605 36.787582
-6.699723 48.485497
14.609605 36.787582
1.649560 47.418423
1.649560 47.418423
-13.124566 -23.000637
-11.818613 9.667892
6.240230 -12.998862
-10.394447 18.916348
14.609605 36.787582
-7.434993 17.399681
-11.078947 9.918986
-30.506577 -19.694887
0.176462 -15.641269
-5.108527 7.560560
2.689464 -14.343377
-4.427857 5.152835
1.787174 -11.207290
15.886764 -8.368598
-5.545998 -5.559797
-2.490606 0.230636
-5.345674 -4.455850
4.891531 10.270307
6.002765 -4.406080
19.421858 -6.417452
-6.322210 7.946977
20.951529 -1.013449
6.155501 -9.494085
34.451622 -1.502278
24.444229 -1.449060
-10.506437 13.660339
12.970385 8.961434
33.241077 -0.776177
30.270201 -0.781643
16.314419 -1.138429
32.319340 -0.786278
21.506119 -3.383737
28.496950 -1.287182
34.211998 -0.980224
12.765572 -9.756907
34.442173 -1.500366
-0.216700 -16.620363
3.185180 11.136754
13.803419 -0.671372
18.399439 -2.990545
14.468315 -8.678180
21.567251 -1.051924
-12.337807 -18.664021
18.657959 4.454808
10.490592 8.014555
4.036792 -14.170394
18.228985 -7.644090
7.785112 -12.299133
35.863552 -0.932475
8.238864 -11.735564
9.558632 -10.759895
18.392410 -7.902331
16.145277 -8.400373
2.953247 3.008613
20.131039 3.865887
4.373320 7.057874
15.412763 5.191778
0.661519 1.641182
14.661622 9.546326
9.053859 9.593335
15.666624 -8.663881
6.838649 3.452406
9.934573 -10.431170
12.232415 9.681170
8.084148 10.101758
20.016407 -7.206083
6.838377 10.298801
16.549616 3.393107
2.195198 -14.846525
-19.807194 -19.731924
-12.982433 -15.663104
-9.172524 6.312903
-12.332821 -18.658573
-28.455463 -17.915911
-7.365400 -15.273437
-12.761395 23.769497
17.651857 -6.024924
0.269119 8.005565
4.776397 -3.703936
0.286536 12.871255
-1.445891 -18.143621
-9.122038 18.098993
-7.743827 13.469350
-12.829984 8.867395
3.341978 6.940365
19.263786 -7.512261
19.084785 2.682397
21.808313 -3.320267
11.538684 -4.905762
24.344450 -0.079970
25.127668 -1.463611
24.444370 -1.449059
30.940897 -0.835463
15.354067 -7.361003
19.431395 3.261919
19.240421 4.262712
21.624445 0.700851
20.760168 -7.077669
9.132751 -11.536449
3.141390 2.062478
1.462831 8.490953
35.328522 -1.656006
35.419525 -0.971340
12.704792 -9.709806
-13.118892 8.310802
1.756097 8.333264
14.168796 4.226425
-2.811293 -3.325867
4.297600 12.060337
-4.695668 -4.485821
17.265966 -1.287942
17.206186 4.803573
14.968106 2.097521
20.847706 -7.077788
14.225536 5.372910
16.110962 5.189096
34.677628 -0.883296
2.614511 10.190931
18.615791 -1.327749
0.503943 1.861857
-11.152963 -16.691978
-22.334787 -18.774958
-15.216317 6.832763
-20.368313 1.528295
13.298893 -9.489326
-37.494896 -16.093435
-13.628257 -22.894423
3.140463 -15.352664
-36.450619 -16.539368
1.626594 9.396834
12.669859 -5.839160
-22.334787 -18.774958
-14.130765 6.210073
10.404315 -10.737463
17.549980 -8.271357
-22.334787 -18.774958
-37.228291 -16.232941
9.810919 -10.928997
7.869038 -10.050056
-21.404783 2.925299
-7.937613 -5.337050
-6.579558 -4.536088
11.206860 -9.600513
-21.514013 -18.413660
8.386067 -11.461039
4.003437 -14.624636
-15.379020 6.701676
21.263754 3.158876
-6.110743 -1.594942
17.394377 -7.323288
-17.413275 -19.508648
-19.379128 -19.012875
-35.692307 -16.319801
-13.958419 7.389519
13.383268 40.466831
0.239381 -16.611773
-12.362329 23.524641
-28.516832 -18.373159
-26.495634 -16.858574
-24.021254 -0.967399
-12.906489 -18.737394
-1.698883 48.071213
13.481799 36.737015
13.700547 35.931038
6.759904 45.490337
6.759904 45.490337
-6.384976 48.263042
-6.384976 48.263042
0.031111 -8.469560
-11.977127 23.101238
11.763596 41.651222
13.700547 35.931038
7.110474 45.022816
1.419720 46.890373
-11.244028 9.057730
-29.009138 -17.732258
-34.815769 -17.207014
-9.230267 -5.599922
-6.801217 -6.275101
-8.718186 -5.588107
-2.193370 0.803795
-8.533646 -5.498628
-6.646379 -6.304494
-7.512453 -4.885719
-8.442273 -6.113513
-8.380551 -5.519383
-6.712329 -2.667114
-8.696429 -5.171829
-7.275987 -1.613499
-7.668182 11.285792
-6.090942 -2.201612
-11.174271 20.866867
-11.049292 20.529003
-7.420907 -2.524569
-7.253243 -1.728759
-9.230059 14.567369
-8.458259 -4.668263
-9.130638 17.858463
-9.162347 -5.625885
-8.851627 -5.069766
-5.763783 -4.498189
-4.963122 6.936086
-4.973427 6.958792
-5.023998 7.051465
-1.896242 3.071789
-6.555121 -3.184935
-7.354784 -6.055392
-5.151821 7.406300
-9.153613 -5.646582
-2.936224 3.366646
-9.041275 -5.174617
-5.367889 -6.392888
-7.465486 -0.303737
-6.935873 -4.164601
-8.850914 -5.155124
-12.591657 23.857334
2.995239 10.603232
13.300636 -6.288674
13.114953 -6.276494
0.337635 12.636566
-10.497982 14.258275
-9.374461 16.192299
-11.094874 17.732006
7.611409 10.101467
18.645376 -6.764158
-4.828378 -5.102548
19.862425 -7.323334
-25.818098 -19.811836
-25.533890 -19.862831
-22.334787 -18.774958
-36.633198 -16.753929
-8.236830 -5.401242
-2.405107 -1.598268
-5.626907 -5.796854
-24.033892 -0.950778
-3.540987 -4.704557
-17.725914 3.039540
-13.392116 8.567937
-1.742417 1.081245
-5.751384 -4.428264
-24.325737 -1.430196
-22.569883 1.387575
-23.028831 0.631390
-19.948414 3.330132
-20.344942 3.806133
-14.343946 6.763904
14.565187 -7.937286
-0.207625 -17.300920
13.088486 5.513646
-3.209224 -5.974835
2.048538 -14.894923
-21.776222 -19.046347
-3.260326 -5.961800
-9.211421 8.014477
-16.867582 -20.035839
-11.590604 9.177943
13.080928 5.521636
-8.054400 -16.164476
13.082516 5.520555
17.358116 4.763812
17.215599 -5.752426
6.212248 -12.575439
18.132401 -8.043942
-6.305494 -6.131977
14.707018 9.037676
21.921843 -6.892776
-10.628745 -16.446226
25.591108 1.407833
-29.095455 -18.211185
10.018186 -10.931286
-35.973270 -16.426815
-25.631737 -18.196217
9.174475 -7.033761
-32.485291 -17.572266
-8.651300 6.008355
-29.096024 -18.211876
-34.895775 -16.916664
-13.757247 8.265311
-5.478066 -4.507769
-17.607977 5.364259
-20.483747 3.110415
-27.584612 -21.512846
-5.507455 -2.985024
-36.435879 -17.282928
-12.355141 5.827679
-0.967969 1.196425
-3.015551 -1.534149
-1.718915 -18.510693
-37.985836 -16.511213
-3.115541 -0.091578
-7.655574 -5.963484
-6.073767 -6.005666
-6.365286 -5.941739
-10.895529 20.039318
-7.793598 -3.348109
-10.895529 20.039318
-7.554005 -2.931669
-3.200002 3.706294
-10.943480 17.028250
-3.307869 -0.293837
-10.888888 17.171913
-1.531553 2.348538
-11.047211 20.529453
-10.898603 17.105293
-7.087363 -2.335343
-7.087363 -2.335343
-3.517545 -0.490822
-3.951203 -1.080852
-11.826369 23.268085
-10.733016 5.644800
-8.604741 -5.663563
-7.339857 -3.500006
12.671533 2.718398
-7.479374 -5.796950
3.128959 11.497173
-8.637039 19.758158
-11.560598 23.056103
-23.803778 -2.076533
-12.291613 22.268826
-9.013751 20.222605
35.101772 -1.667313
26.351774 -1.518510
16.906986 5.040283
22.860516 -6.538462
7.795037 1.392141
7.733684 10.080294
14.448144 5.280411
-0.930336 1.546006
-0.838385 1.716510
19.072449 4.314392
-21.514013 -18.413660
-12.909219 9.144495
-22.334787 -18.774958
-12.634749 -13.974698
-22.600142 1.067952
-21.514013 -18.413660
-13.431859 8.504921
-29.726471 -18.305981
-4.467519 -5.229906
-29.726255 -18.305923
8.159869 -8.153296
9.772325 -11.027688
-34.234890 -17.399677
12.114739 -4.539693
-34.894707 -16.900658
12.298507 -3.957471
8.866647 1.427439
9.720901 -11.390016
13.836656 -8.425011
12.084071 -4.348396
-0.246478 -2.624339
11.667702 -9.586628
9.920856 9.107519
-0.246488 -2.624328
-23.176907 0.378940
-17.614719 -19.921814
-19.702314 -18.842186
-12.216257 9.001199
16.274178 -0.986403
-21.747688 -19.045683
-12.483043 -18.913897
-0.252526 48.320889
-5.100743 48.840546
7.110474 45.022816
7.110474 45.022816
6.759904 45.490337
1.398857 46.912231
-7.661893 48.502773
1.649560 47.418423
-9.880596 5.643884
-11.468366 21.488728
14.609605 36.787582
-0.252526 48.320889
-6.972668 48.065353
-14.627023 6.754944
-27.731483 -18.376619
14.270981 -9.258304
-29.095949 -18.209917
-36.867760 -17.235144
-2.844248 -2.050582
-28.907848 -15.993637
-29.008696 -17.732115
-15.392659 -18.719139
-6.492486 -3.185658
-0.897240 2.313418
-6.915604 -3.265189
-1.015099 1.830709
-2.844742 -0.021617
2.121925 11.867393
-10.595259 14.401197
-8.171122 17.271063
-32.340103 -18.321268
-2.196377 -4.324385
-11.683709 5.419792
-13.007590 7.996511
7.257924 2.686604
-29.727087 -18.306877
-36.638210 -16.782129
9.143662 -11.763681
36.587151 -1.241206
9.157204 1.408207
10.898449 -10.799207
16.744457 -8.281564
7.179157 2.737070
11.443184 -10.392529
8.876564 1.915816
-15.491570 -19.697399
33.655346 -1.442539
33.490601 -1.476031
35.049847 -1.494519
-0.246481 -2.624311
-23.458904 -0.043300
-17.434446 -20.167131
-19.429337 -19.624907
-12.216166 9.001073
16.342533 -0.991925
-19.874489 -19.668545
-8.195077 -16.282589
-6.194892 48.736786
6.629049 44.086403
-1.461362 48.725304
-4.572294 48.846088
13.777304 38.056313
11.700787 39.306774
-6.102277 48.169930
-5.514771 48.671734
-9.139777 20.435324
7.110474 45.022816
-7.946453 48.658714
-5.106047 48.677475
-0.252526 48.320889
9.005500 38.314568
-6.194892 48.736786
-13.124566 -23.000637
-8.546586 18.033295
-6.912676 17.662727
-18.486469 -21.396107
0.119860 -4.475965
-1.423626 -17.370657
14.739458 5.273594
20.294632 3.751498
16.714672 5.078655
31.265390 -0.849976
32.595467 -0.738612
30.941401 -0.862583
28.914576 -1.624727
9.225356 9.617018
0.790073 -9.672269
20.951950 -1.012982
3.168940 -14.905810
-4.913651 -0.627467
-10.308378 5.691805
6.159750 -4.119133
3.330570 2.793532
14.614998 0.251091
5.440938 -4.572290
-4.306012 -3.297414
0.441739 1.904884
5.287522 -4.324181
13.217437 -0.531865
5.017325 -3.970211
6.276923 8.648952
-11.886062 9.505778
6.559489 9.017834
5.823934 8.685808
6.372152 9.094236
9.276253 8.884462
4.030921 10.498341
4.300402 10.402920
8.410168 9.860083
5.985188 10.135889
4.082720 10.951388
4.550467 8.064337
4.943555 9.740683
-12.939697 23.291191
-10.564618 11.983871
-15.868252 -16.328236
-37.209126 -16.850380
-11.345258 -19.712690
-27.644232 -21.471275
-28.258640 -21.182146
-8.003205 9.089962
-18.759539 3.971903
-21.848183 2.346028
-22.334787 -18.774958
-22.134455 1.954051
-21.514013 -18.413660
-10.490991 12.998196
-20.885664 4.215157
-19.134027 -22.019949
-23.587402 -22.045769
-7.863217 -5.185647
-10.896650 17.109165
-10.985297 16.895550
-7.152907 -2.585174
-6.903461 -1.205130
-3.260841 -0.272997
-9.160976 -5.632513
-8.275427 -5.846115
-8.987788 -5.151087
-12.845029 22.965528
-1.442840 2.171458
2.055915 -16.086306
-1.166752 13.792505
-13.149915 7.123279
-7.425289 18.244371
-11.894359 22.595409
-12.725775 23.551083
1.024958 8.009936
-8.137971 10.033584
-9.112763 11.711465
-9.763116 20.888676
17.401064 -8.073390
8.780464 9.846840
17.836775 4.838074
9.997193 7.807028
18.974272 4.355926
35.613159 -1.045577
-30.271408 -17.968653
10.064152 -10.550243
14.809051 -6.442989
10.622386 -10.606369
17.792871 -6.660717
7.411387 -13.454395
6.947961 -13.981722
-20.860350 -21.326977
5.569269 -13.957928
18.425707 -6.020122
-14.662245 -22.603575
-31.235971 -16.302176
-30.248207 -17.574060
-29.726469 -18.306217
14.656604 -8.519605
-19.724939 -18.842344
-12.216100 9.000990
14.034613 -0.720419
-21.747688 -19.045683
-11.211277 -16.762962
6.759904 45.490337
13.777304 38.056313
6.759904 45.490337
1.649560 47.418423
6.759904 45.490337
-1.699194 48.053539
6.759904 45.490337
-11.695760 22.212547
-1.672293 48.377571
-5.115246 48.747051
-5.514242 48.671974
-1.472976 48.721706
-5.934566 49.247746
6.759904 45.490337
14.438087 35.644230
-0.471345 47.579906
14.438087 35.644230
-5.514658 48.671795
-5.083028 48.741859
8.524538 38.078262
14.935831 35.714294
11.715963 39.164368
14.935831 35.714294
9.005500 38.314568
14.609605 36.787582
-1.461362 48.725304
-13.124599 -23.000984
-7.117987 16.969454
-10.295893 11.997184
-22.454020 1.638881
-1.904453 -17.892517
3.561996 11.385091
5.926802 -4.835615
5.862873 10.253812
10.341914 -5.596718
18.474321 4.622885
6.023313 0.742720
-3.924800 -5.091418
1.204852 -11.210889
-13.343668 8.370969
-9.311772 10.521097
-9.083900 7.150904
-11.958867 22.769421
-13.007968 7.524422
-0.968935 0.754195
-8.117891 -16.198826
-20.769484 4.403480
-17.486341 -22.839731
-5.894521 -1.648902
-36.052319 -17.306595
-1.507806 1.666178
-1.599521 -18.381233
-24.391953 -1.537548
-27.555271 -21.523779
-36.626114 -16.004366
-6.445059 -4.424909
1.642406 -9.645430
-5.793486 -3.091662
-7.285917 -4.775806
-3.532095 -3.814183
-6.024865 -1.447771
-1.276579 1.031956
-7.125666 -5.642253
-3.136482 -0.136731
-11.704290 22.268797
-5.771247 -6.209653
-11.387733 21.327894
11.874810 7.469274
1.658491 9.851974
-5.444578 -1.224136
1.428839 8.545463
6.884617 -12.776540
-7.028431 14.432833
0.569540 12.853518
-9.842730 10.106703
-7.480946 15.405109
-12.593214 22.674183
-11.281640 21.021021
-38.516724 -16.682962
0.699067 12.738271
30.966633 -2.696544
7.538267 1.182425
33.241013 -0.776153
23.733959 -6.431891
-7.308718 18.040817
0.834058 -10.667825
-14.561436 7.384140
-0.948552 1.196780
25.492517 1.638778
-29.580662 -17.610113
-35.924595 -16.352262
-22.378996 -0.941482
-30.273273 -17.999323
11.824563 -3.642390
19.036873 3.221857
16.543669 -8.552425
21.728817 -6.720101
-21.570232 2.216775
-22.050995 2.681122
11.651872 -10.216732
-29.008726 -17.732018
8.943958 -7.901831
-23.439560 0.043540
-35.052452 -16.724127
1.798798 -9.997219
17.810802 -8.093307
9.515763 1.319153
27.915590 -1.359288
-0.246478 -2.624339
8.045157 -11.930970
36.413578 -1.140046
-0.246488 -2.624328
16.528133 4.489557
-23.525415 -0.150728
-17.525826 -20.171537
-19.761171 -19.756634
-12.219892 9.012433
15.042225 -0.897543
-21.823313 -18.152546
-11.211274 -16.762964
3.952099 -12.536830
11.956147 37.291401
14.609605 36.787582
14.609605 36.787582
13.700547 35.931038
-0.252526 48.320889
-5.115246 48.747051
-0.445011 47.562309
-12.001138 22.575655
-4.571115 48.845436
1.419720 46.890373
7.876191 45.284416
7.876191 45.284416
-6.708124 47.963142
1.649560 47.418423
1.419720 46.890373
-12.126552 22.160284
-28.515984 -18.362892
-27.710859 -17.852816
-35.708118 -16.360378
-35.706211 -16.380142
-4.428261 5.146922
-4.559059 5.870524
-2.466681 1.118170
-6.630080 -2.373316
-8.472914 -4.394017
-8.489567 48.333206
-5.394198 -6.266471
3.415294 -3.414346
-8.465264 -5.033062
-4.427331 5.152832
-11.396007 16.625467
-0.445878 8.852982
1.406996 8.291739
1.506960 12.399535
-9.771782 9.047812
-6.422808 15.958596
-11.217517 17.152899
-6.984407 14.790427
-21.442247 -0.324209
16.278696 5.175991
2.006023 1.867660
7.437562 1.392898
-12.522023 9.444957
-0.916478 1.731092
34.271801 -1.476784
3.861628 10.126820
18.762079 -2.943552
-13.396117 -16.808479
-19.131807 4.651386
-15.704777 6.521723
-5.336285 -2.877026
-5.148475 -4.264782
-7.427720 -3.604629
-10.882200 20.043463
-7.231742 19.833227
-11.456491 21.493105
-11.391464 21.328005
-5.162632 15.083184
-23.265421 0.134185
-19.034681 4.447201
-7.471807 18.115465
-6.828306 17.567017
-7.788501 13.490222
-32.488239 -17.571087
-8.308314 48.621593
-5.038144 -5.847557
-21.758024 4.127628
3.495866 -3.492746
-7.067080 -4.754217
-21.427378 4.313712
11.779060 37.653957
-15.344631 6.750015
-10.388013 18.952078
-9.962317 19.250244
-10.388013 18.952078
-10.188505 19.651558
-10.871056 20.320763
-11.157765 20.872393
-11.139260 20.678644
-11.393878 21.323450
18.447292 -4.976425
-10.397130 18.931118
-11.410254 10.421908
-10.631826 19.696260
-10.483544 18.947802
-9.936073 19.282066
-10.018367 19.214657
-10.563699 19.379564
-9.938554 19.246574
-9.936073 19.282066
-10.883855 20.304195
-9.936012 19.282181
-10.603253 19.338846
-10.545533 19.387318
-9.943323 19.249847
-9.943362 19.249992
-9.943362 19.249992
-8.630994 16.680418
-33.725143 -17.466892
-32.488178 -17.571115
-10.482377 18.959127
-10.724131 19.880753
-10.563699 19.379564
-10.388013 18.952078
-10.218851 19.645760
-10.617666 19.703394
-10.445180 18.971571
-25.651056 -18.191425
-15.618485 6.556516
0.572142 -16.808163
8.836710 -6.564662
21.570045 -6.962686
9.950727 -5.833824
1.915965 8.416746
14.542178 5.312590
-8.116732 48.557419
7.428014 45.747864
9.189577 38.304295
9.189577 38.304295
6.337519 44.819382
6.337519 44.819382
-13.124566 -23.000637
-8.309746 17.817606
-8.923420 14.172475
11.449241 40.372910
-10.405927 12.248044
7.876191 45.284416
-12.442225 9.377292
-0.744787 -16.784676
1.761371 -9.025651
-0.927365 -16.237427
6.660528 10.039582
4.724640 -13.703843
-4.163154 -3.125530
15.734787 -8.112618
0.695865 -16.567120
-12.475657 -18.382935
6.239354 10.420766
12.597233 9.686192
13.965376 -9.310148
22.837355 -6.590436
2.463769 -13.993657
-27.726135 -18.357044
-17.490786 -20.200165
1.427875 -9.169595
-12.620378 -18.920010
-23.564754 -18.331015
-14.862303 7.005452
-35.442600 -16.834421
-23.511496 -22.074286
-9.361328 -5.543678
-2.411208 0.585971
-0.733037 1.602837
-8.947720 -5.037550
-2.091318 2.757127
-6.150300 -1.121405
-3.543038 -0.603418
-12.720426 22.798630
-23.079542 0.568345
5.264026 9.662519
4.476528 -10.029217
-2.541472 0.374878
-2.540385 0.368437
1.175391 12.581136
-20.435534 3.542914
-6.649564 19.294256
-12.576312 -13.865393
-7.812110 15.383581
-14.415432 -18.813351
0.540614 8.170566
-12.789524 22.910126
1.849408 11.908875
12.801030 -3.253459
3.063802 11.470752
-0.313727 3.595577
24.850040 -3.207459
-19.021101 1.704888
-7.947868 -5.363519
-2.618710 -0.914614
-2.572562 0.190447
-10.490282 -14.960828
-3.145994 -5.253729
-5.144186 -15.553451
-23.797146 -0.569791
-0.708252 1.644716
-22.269045 -22.897701
-36.370869 -16.679445
-21.524559 2.750331
0.599358 -16.242414
-20.135941 2.034853
-18.798338 1.645764
17.618635 0.430502
22.134964 -5.406679
-28.253441 -21.186728
9.022277 1.479127
10.089282 -11.258140
15.160455 -8.708401
13.931407 -9.503764
19.403404 -7.587122
8.638524 2.122341
19.006805 -7.547207
19.426233 -4.869720
7.430255 -11.588224
-19.243723 4.320897
19.219017 -7.110194
-20.061544 5.188574
-12.653090 6.937890
-17.233946 -19.380175
-19.764381 -19.748167
-35.695320 -16.350006
-13.961817 7.399463
5.479942 -4.040758
0.240009 -16.613087
-12.748852 -18.323349
13.700547 35.931038
13.481799 36.737015
8.128234 44.644318
-6.968199 48.066902
-6.382956 48.233200
13.481799 36.737015
-10.353624 21.430254
7.876191 45.284416
7.876191 45.284416
13.481799 36.737015
7.773810 44.237053
-7.135129 49.032982
6.337519 44.819382
1.806693 49.285385
1.649560 47.418423
14.609605 36.787582
-0.252526 48.320889
-6.964270 48.070812
-7.135129 49.032982
-1.472039 48.756931
7.773810 44.237053
9.005500 38.314568
9.005500 38.314568
14.609605 36.787582
-5.514771 48.671734
-1.466160 48.724911
6.855844 43.957302
-1.473077 48.756584
14.609605 36.787582
7.876191 45.284416
6.317421 44.840034
7.097752 44.695518
13.777304 38.056313
-12.990911 22.150499
-26.834272 -18.131424
-34.450443 -17.339170
-37.487370 -16.027315
-1.813991 2.049648
-6.697892 14.632931
-1.256889 5.655436
-5.006506 14.390382
-0.039581 12.799901
-10.921724 11.435541
-7.952069 18.885902
-12.328446 22.297543
-12.374410 23.552034
1.769393 11.629811
-38.505814 -16.657881
-11.050412 20.529705
-11.882160 -12.296535
23.209309 -1.305179
23.636238 -1.362859
23.211365 -1.306508
23.202721 -1.298833
36.047161 -1.504497
4.072582 -3.847939
2.481814 2.887671
8.014751 1.507311
-3.918938 -4.623096
-13.219419 -23.005737
-6.946282 -4.003522
-14.857629 8.115987
-33.007950 -17.545200
-28.518574 -18.381243
-22.150183 -18.257652
-10.561440 12.503615
-10.319399 13.714684
16.052036 -7.321799
-23.564436 -18.308310
-31.063486 -17.671692
-37.266975 -16.184080
16.101046 -6.958706
-17.409758 -20.324104
-19.837385 -19.707342
-35.740082 -17.443377
-13.956109 7.390973
13.882156 -0.626403
-23.622152 -18.553724
12.086818 -9.096206
-11.183571 -16.691044
1.472053 -15.515840
-19.947063 -19.312321
-14.112329 8.010213
-17.572100 -19.937336
9.144713 -11.109776
-7.047673 14.501688
-10.438151 13.833540
-27.711147 -17.852770
-34.620995 -17.535118
-3.159748 3.305462
-0.317939 -4.375999
-36.443150 -17.318369
-28.324663 -21.145157
-20.008057 1.242234
-1.628809 -18.303692
-38.013161 -16.460901
-3.007307 3.148834
-6.942527 -3.817473
-4.628277 -2.070402
-7.383457 19.961418
1.586957 -16.149004
1.744614 8.363776
-5.910023 -5.813504
-0.442050 11.710484
-0.492344 11.705219
0.705223 12.793286
-21.139133 1.803689
-7.922749 19.691071
-12.939697 23.291185
-11.050558 20.530338
-11.647332 6.307055
-0.268782 13.224866
23.614534 -1.366581
1.955508 2.054998
17.575684 4.489301
-0.883254 1.499923
-1.036057 1.218102
-0.937834 0.975419
-13.413285 -22.971786
-29.726786 -18.306553
-20.799183 3.474106
-22.162962 -18.261084
-20.807800 3.449986
-19.821159 4.093994
-17.575443 -19.795816
-20.849791 3.498948
-19.767477 4.030131
-17.575443 -19.795816
-24.537924 -1.743297
-19.821159 4.093994
-22.162962 -18.261084
-20.851610 3.500064
-20.507658 3.139064
-20.709450 3.446174
-22.162962 -18.261084
8.858796 -6.426452
3.789385 -14.930234
5.467710 -11.241877
-34.186947 -16.247337
-20.914169 2.576252
-21.925385 3.052276
-21.491062 2.836743
15.447583 -6.363363
-26.836538 -18.135405
-2.748123 0.016093
7.913360 1.486642
11.904973 -4.433362
15.777482 -8.778344
11.134186 -5.683943
-0.246491 -2.624265
11.992819 -4.428392
15.806468 3.222627
-12.651682 -18.919739
-19.879721 3.873301
-17.386545 -19.329342
-19.478512 -19.643900
-35.520634 -16.486250
-13.958405 7.389521
16.774336 -1.021676
-21.535139 -18.352428
-11.183534 -16.691074
3.610155 -14.827226
-11.981130 22.817606
-5.934566 49.247746
-0.252526 48.320889
-0.272229 48.302731
7.773810 44.237053
-1.698884 48.071213
7.097752 44.695518
-0.272229 48.302731
-1.699158 48.074306
-6.968199 48.066902
-1.699158 48.074306
13.481799 36.737015
13.481799 36.737015
14.609605 36.787582
7.876191 45.284416
14.609605 36.787582
14.609605 36.787582
14.609605 36.787582
7.773810 44.237053
7.773810 44.237053
9.005500 38.314568
7.229255 43.816982
-13.124566 -23.000637
14.609605 36.787582
7.428014 45.747864
-11.405242 21.335382
1.494754 -1.837378
-27.709831 -17.852388
-36.123432 -16.788403
-24.153963 -1.160922
-37.171185 -16.887419
-8.642493 7.706035
-7.187756 -4.464359
-15.938622 6.245437
-6.320328 -4.488644
-37.221321 -16.863916
1.935040 11.059311
-9.261025 8.707692
16.449184 6.236047
0.391423 4.585669
1.680849 8.302239
0.212140 13.018163
-13.501996 8.239246
-11.105907 22.868294
-8.047715 -15.987251
-6.854684 19.520037
-22.727842 0.286433
-11.387752 21.327909
-5.161366 15.159647
-20.563301 3.474784
-13.033989 8.011169
32.290955 -1.324887
13.882161 -9.244638
5.587920 10.013830
1.044958 9.451481
2.448611 1.034156
35.888763 -1.576434
-30.272741 -17.987593
-29.029644 -16.015566
3.806268 2.476539
-35.683975 -16.331692
-19.345098 4.239619
10.987629 -5.380957
-21.896944 2.476248
15.176784 -6.817355
-19.432903 -19.610546
-29.609446 -17.607752
-36.123463 -16.651182
-20.034088 3.950489
5.448336 7.979148
-37.164104 -16.210064
2.778030 -14.132413
19.769150 0.879251
-20.662590 2.915153
-22.252470 1.914705
-35.280216 -17.483410
-19.487030 3.966664
6.867928 -12.721520
34.280838 -1.517411
34.945015 -1.226947
0.946157 1.164515
15.935287 -4.102606
13.293485 -7.697000
21.582224 -6.241364
18.179234 1.001295
14.630215 9.480865
35.852985 -0.962454
9.293343 1.372823
-12.651682 -18.919739
-19.879721 3.873301
-17.166910 -20.261759
-19.724865 -18.839476
-35.520634 -16.486250
-13.958497 7.389615
1.823561 2.057833
-22.012524 -18.152521
-11.183852 -16.690836
7.876191 45.284416
-5.782760 48.258728
8.128234 44.644318
-7.135129 49.032982
-7.135129 49.032982
-2.606231 48.609776
1.398857 46.912231
-4.971862 47.339359
-0.047638 -16.845695
-12.207258 22.201361
14.609605 36.787582
-1.701873 48.027622
-7.135129 49.032982
11.454480 40.415314
13.481799 36.737015
-6.197231 48.750729
-13.124566 -23.000637
-7.756301 18.698444
-3.083715 -6.132243
-12.062310 19.265123
-22.533228 -22.693398
0.960680 -14.453335
33.159592 -3.353802
26.445082 -0.222480
33.229099 -3.337241
22.712463 2.585865
14.531574 9.528579
16.791639 -6.666740
-12.429355 9.145068
-26.837057 -18.148422
-34.004013 -17.451811
-36.497261 -16.001308
-1.649798 -18.444885
-37.273064 -16.856548
-10.388013 18.952078
-10.466195 18.930035
-12.126857 23.419125
-10.241111 19.652231
-9.956760 19.254782
-33.394657 -17.517900
6.080324 3.422394
-5.969540 16.822861
-9.988350 18.658968
-0.800670 13.457802
-5.969540 16.822861
-9.846211 18.524786
-22.058102 1.899783
-4.926280 -4.172069
-3.849455 -1.526776
-0.296742 -8.358172
-2.850828 7.988186
-7.728136 -5.088653
-6.483425 -4.583510
-0.326409 -17.315231
-26.830393 -18.146561
-22.363062 -22.819124
-9.187258 -5.345617
-9.230015 -5.287550
-9.234677 -5.297875
-11.469308 21.489285
0.256229 0.953393
20.560410 2.432561
-0.649097 10.308169
-0.156893 13.195719
-15.566525 5.572345
-5.862837 17.053387
-12.181664 23.237963
-20.875319 -21.343327
-5.193649 15.075791
2.157990 8.150925
27.623020 -1.564993
34.016052 -1.508340
15.288835 -7.220885
25.760456 -1.423561
10.051598 -8.586248
12.789417 -3.274159
19.056234 -1.473755
21.630312 -6.896713
2.146501 2.521599
-1.500339 1.805519
-1.530183 1.825479
-0.354278 3.387465
-0.926070 1.328125
-30.762650 -17.850529
-10.492436 12.809514
-36.547977 -16.840227
-35.294621 -17.529278
9.281374 -9.889070
-35.280125 -17.483370
9.779836 7.305766
2.090996 -10.031627
11.596267 -10.307611
16.429234 -1.167117
7.613146 1.461607
8.301764 -8.843269
7.013978 2.998624
9.879637 1.105298
10.887702 -10.512633
14.915866 -9.148886
18.615667 -7.849536
20.894739 -7.151868
-20.656721 2.930524
-22.003317 2.255480
-29.583397 -17.610596
-29.726358 -18.305923
-20.368637 3.171022
-1.611527 -18.379242
9.468565 9.966273
16.578205 3.773291
10.205752 1.062752
13.568607 -9.260815
13.839051 -9.461052
16.264284 -8.600129
7.416558 1.397905
-0.246488 -2.624328
2.905488 -15.491062
8.305057 8.906177
16.939770 5.027290
13.616168 -9.424969
6.676338 -12.576278
30.014534 -0.909099
-24.232965 -1.310145
-17.194210 -19.338865
-19.439611 -19.599873
-12.216166 9.001073
2.827494 -14.998736
-22.248434 -19.065910
-11.152822 -16.692587
-13.279538 7.738271
-8.439938 11.269570
-28.454418 -17.913988
-37.088272 -16.168970
0.540017 -16.442366
7.278959 10.052740
5.963153 0.682593
4.683832 10.649524
5.971847 0.688096
0.774703 12.002934
0.309076 12.915788
-12.673910 21.946991
-8.403766 20.223795
-38.218555 -16.370192
-10.677970 12.010957
-11.923578 22.281752
-12.335366 23.705044
-9.336739 21.257504
-23.141493 0.035651
-21.206303 2.934645
-13.000464 8.003980
21.019394 -7.078893
32.595264 -0.738803
6.328918 0.901567
21.596361 0.701403
0.567547 7.631580
-0.867083 1.672116
-0.954960 1.338604
-0.933672 1.389715
20.915421 -4.074505
-30.272741 -17.987593
-36.949493 -16.119347
-21.928432 1.719982
-36.438694 -17.309631
-23.406765 -0.058101
-23.568119 -18.314939
-23.709974 -0.459848
-23.406057 -0.057751
-23.568174 -18.315531
-21.628559 2.332928
-21.242403 2.639085
-23.568413 -18.315729
16.665894 -8.481534
19.151106 -6.547364
6.019408 -4.760129
8.678758 -11.074333
2.196669 -10.769769
11.839349 -10.200718
13.139591 -9.659838
9.419295 1.591262
-0.246481 -2.624311
6.056288 -13.224659
18.578537 0.763903
-15.491569 -19.697397
-19.461290 4.163143
-16.712072 -19.556969
-19.861670 -19.710806
-12.216166 9.001073
18.899954 -1.096987
-19.874489 -19.668545
-11.152821 -16.692589
7.428014 45.747864
7.773810 44.237053
14.609605 36.787582
7.773810 44.237053
6.317421 44.840034
11.700787 39.306778
-13.124597 -23.000975
-9.412525 16.124611
-12.041084 22.327543
-18.472153 -21.377913
0.406780 -15.383604
12.771328 2.940576
12.790478 2.882075
4.097802 -3.935095
17.576700 3.983152
17.099426 4.048487
5.584364 7.755526
4.515433 -3.374359
-10.613354 10.482565
5.105788 -3.788242
3.623134 2.097359
4.907812 -3.647975
1.967054 1.789476
12.865296 -3.432713
9.175929 -11.282078
27.621319 -1.589784
33.332581 -1.363694
29.183342 -0.795038
3.700262 10.959036
3.149622 -14.703152
16.188580 -1.078516
20.336533 -0.930695
3.808095 -12.375441
29.571476 -0.745197
25.240009 0.228044
24.097589 0.004546
18.985418 2.794290
6.847144 -11.517623
16.547056 -7.765166
-25.631493 -18.196224
-23.046303 0.624548
-1.192291 1.547826
-15.006226 6.980038
0.886873 -10.000519
-13.422520 8.317586
-36.628105 -16.753418
-3.074558 -1.976410
-36.944283 -17.157974
-27.981182 -21.322418
-10.758331 11.586018
-22.427393 -0.797114
1.051100 8.990227
11.090278 7.957821
-0.502798 10.240547
-7.767471 -3.724993
-7.772615 -3.727520
0.691032 11.541719
-11.961694 9.629029
-8.578790 16.679445
2.378021 9.993757
-21.886253 -23.188807
-18.541489 4.756151
-11.570080 21.722696
-10.631407 12.239642
12.689984 -7.165331
20.445082 3.670577
11.074858 8.935407
27.228025 -1.290989
22.127417 -6.527256
11.315316 -8.474028
17.474573 4.918040
16.642616 6.217491
7.568475 2.192499
15.313077 2.421998
-12.864380 -14.598780
-29.727087 -18.306877
-12.597923 -13.944757
-29.727579 -18.307196
20.119568 -7.215150
13.587410 -7.236864
10.774680 -5.965240
8.744458 -7.541378
-34.897541 -16.919476
-34.241978 -17.408260
9.923076 9.278192
16.966890 -8.337795
15.268267 -6.995901
-21.871016 0.932593
-23.601122 -0.253425
-30.864384 -16.380543
8.479506 9.119031
5.353523 8.174487
12.695876 -9.980032
17.676525 3.475825
27.448057 1.301959
21.177032 -6.332975
17.117205 -6.533216
-16.577852 -16.528437
-30.274622 -17.996157
9.780362 -9.177939
20.586273 0.525924
-19.248207 4.311016
-19.885706 3.416617
-20.661184 2.893011
9.453882 1.415262
14.956829 5.113228
18.302748 -7.953906
-0.246478 -2.624339
14.441069 -9.153378
21.940689 -6.511926
35.164013 -1.586917
-12.651682 -18.919739
-19.879721 3.873301
-19.961266 -19.314884
-36.023495 -17.224789
-13.958497 7.389615
14.015978 -0.711014
-1.480317 -18.072388
-12.955194 -18.715408
7.876191 45.284416
13.481799 36.737015
1.649560 47.418423
1.649560 47.418423
7.773810 44.237053
1.398857 46.912231
2.264876 49.558090
7.876191 45.284416
-19.693678 -18.836527
-12.748135 22.857788
-13.124566 -23.000637
-6.263418 17.355707
-9.937136 11.477811
-35.148418 -15.466323
0.960677 -14.453359
9.613849 9.788165
28.917881 -1.636358
22.117886 -1.726129
23.102762 2.357859
30.270653 -0.774491
0.278753 -14.820504
-12.298060 22.259197
-5.934566 49.247746
-7.135129 49.032982
-5.782787 48.258728
-0.272229 48.302731
14.609605 36.787582
-5.562527 49.118351
-7.135129 49.032982
14.609605 36.787582
7.014178 43.936203
7.014178 43.936203
14.609605 36.787582
7.014178 43.936203
7.876191 45.284416
14.609605 36.787582
14.609605 36.787582
14.609605 36.787582
14.609605 36.787582
11.012180 37.853107
-7.135129 49.032982
-7.135129 49.032982
-7.135129 49.032982
-13.124597 -23.000975
-8.403617 16.748302
-3.083640 -6.132183
-10.496713 12.550436
-27.760029 -16.572826
-0.133218 -16.121559
-11.353429 8.799414
36.609459 -1.247582
29.102903 -2.705337
1.838620 -8.558307
9.162850 -6.433790
3.364796 9.350129
13.799871 -0.677698
22.659695 2.561790
12.247186 9.622208
29.183853 -0.784784
28.781063 -1.153406
29.188131 -0.791462
7.968362 9.955813
27.908194 -1.319840
16.006395 -7.745995
9.392059 -10.555490
4.206986 -3.450382
1.082651 -10.622037
25.760088 -1.419502
12.460118 9.556395
23.936270 0.014927
9.777932 1.600457
27.907402 -1.318302
28.823738 -1.142057
8.247648 9.923144
19.679049 -0.669427
3.185177 11.136721
3.149622 -14.703152
18.591053 -1.126034
16.532635 -7.774020
2.627374 -15.394550
-11.183580 -16.691065
10.596610 1.030236
10.200569 9.749809
30.638245 -0.970647
12.649908 9.561617
2.571342 0.835401
10.090120 9.763801
16.764992 -8.292274
8.784951 1.840501
9.626311 9.245443
7.208152 7.569267
5.800046 9.320037
21.998915 -6.699089
32.060497 -0.845393
6.923445 3.025259
9.965415 8.574127
12.296212 -10.090174
35.227077 -0.898235
12.347635 -3.432159
9.620393 9.841430
13.599227 -6.531265
16.143368 -4.410951
12.717752 9.654810
5.454448 -13.210332
32.331982 -0.784913
18.543701 -7.487503
18.004574 -8.022131
1.141168 -10.788431
-12.315872 -13.265135
-17.129137 -20.361319
1.559584 -10.337292
-12.679006 -18.333099
-19.918652 -19.222702
-35.055359 -16.709171
-23.613977 -0.277857
-27.726475 -18.357391
3.762325 -14.373678
-21.524893 -18.898867
-22.145123 -19.166342
-12.333673 -18.672705
-35.740063 -17.443378
5.721591 0.613819
-26.834827 -18.131832
-19.557259 -18.851046
-12.955194 -18.715408
1.896388 -10.347493
-10.741660 17.453022
-16.940428 -20.222200
1.243637 -8.893369
-1.127383 13.792183
-12.149207 7.779536
-10.430119 13.025733
-28.515987 -18.366701
21.588324 0.732807
-31.521696 -17.729965
-35.201481 -16.645233
-30.245277 -17.572956
0.379002 -12.774698
-23.298166 -22.119223
0.428492 -16.888367
-9.046278 -5.610473
-9.105498 -5.618614
-9.156971 -5.508338
0.425227 12.759316
-29.096064 -18.211840
-11.447083 23.081114
-12.591619 -13.892891
-38.527290 -16.690878
-11.235141 16.638645
-12.314137 9.371206
7.696647 6.933607
-21.040464 2.601176
-13.006120 7.995636
18.440174 -1.303642
14.190604 9.549853
25.438337 -1.534078
30.003832 -0.885995
27.624372 -1.584488
29.317732 -1.457659
29.650543 -1.299004
27.648911 -1.608324
26.352472 -1.529249
26.630381 -1.476635
18.030237 -7.484272
26.912987 -1.509133
-19.397257 -22.110487
-17.628811 2.903230
22.745661 -3.023322
-30.277050 -18.003283
2.469776 -8.969645
4.379833 -3.871677
-22.134123 1.824805
6.024812 -5.020648
-30.315769 -18.011333
15.639562 -8.300468
-16.893524 -20.492695
-19.394493 -19.427620
-12.216257 9.001199
13.299238 -0.454731
-21.540537 -18.323074
-11.183937 -16.690802
-5.093823 48.772499
-0.522173 47.884544
7.097752 44.695518
7.876191 45.284416
1.801062 46.895100
14.609605 36.787582
-1.698660 48.067791
14.609605 36.787582
0.458014 -9.354074
-12.804560 23.024971
-13.124586 -23.000687
-6.639339 17.616291
-10.573748 12.373964
-23.446011 -22.100378
0.120135 -4.440183
0.916277 -15.706045
1.524133 -8.816134
4.727756 -13.947614
1.933453 -11.037836
2.651249 -10.642253
16.349237 0.589779
31.443125 -2.792667
3.300236 -10.140289
0.744631 -16.497066
3.168940 -14.905810
7.360616 9.596992
5.848666 8.585518
9.222568 8.516726
6.571414 9.990273
7.566845 9.781622
7.983007 7.092698
17.325401 -1.554758
18.632322 0.392326
4.866740 -3.814995
19.056265 2.538084
12.871029 2.663657
3.592026 -3.211614
3.395172 2.712774
-2.888078 5.853063
3.896842 10.284378
-4.749310 -2.678880
-3.686717 5.801047
3.854291 10.210928
4.789144 -13.887461
25.437860 -1.533894
29.573114 -0.746215
31.757193 -1.006806
27.107485 1.200913
31.511246 -1.009527
6.413177 -5.646248
-27.708818 -17.852791
-12.517374 -13.762863
1.501478 -1.853199
-31.064352 -17.671320
-27.729750 -18.337582
-36.456280 -16.532063
1.006626 -16.359934
-11.274224 7.177624
-31.544806 -17.741428
-37.794823 -16.395632
-7.261713 -0.705861
-7.209207 -1.489454
-8.051019 -4.347565
-7.722565 0.237573
-7.256347 -1.585711
-7.499447 -3.192366
-6.851306 -1.512693
-1.431370 1.122430
-9.529430 17.743227
-7.353188 -0.748356
-6.560201 -2.582566
-12.168338 23.447254
6.570853 10.252316
1.899630 12.123305
13.578537 -9.555492
4.173492 11.868767
-1.200180 13.750506
2.720036 -15.652680
5.445686 10.323517
-0.320772 11.109966
6.930246 8.631552
16.564959 6.175496
0.111405 13.021177
3.035448 10.368599
-0.062175 13.094701
-4.688017 -3.721268
-4.716492 -3.728369
-0.146408 11.995670
-10.276122 11.291532
-5.873559 16.921824
-12.114179 22.159666
-12.361231 23.707972
-14.322840 -18.877178
-7.261116 -0.390636
-12.404531 20.312962
-9.494078 16.260401
-21.134634 2.809943
-13.033989 8.011169
14.190705 9.590820
9.858413 3.377505
19.384485 4.138057
33.824928 -0.964939
-29.008062 -17.726498
-21.588789 2.535503
-19.171009 4.383265
-22.156258 -18.261301
-21.394161 3.094992
-20.942366 3.459733
-3.449998 -5.609670
3.978948 -14.706738
-24.435495 -16.872944
-1.728418 1.291869
-36.490788 -15.983212
-11.368042 -19.758451
-33.992790 -17.444273
-36.734612 -16.044939
12.321036 -9.202756
-5.259124 -1.606881
15.732597 1.109844
-26.327799 -19.770821
20.980513 -6.833666
-17.525826 -20.171537
-19.507830 -19.682423
-35.520634 -16.486250
-13.958456 7.389588
22.728050 -1.211538
-22.204487 -19.095793
-11.183573 -16.691050
-12.807886 23.037546
14.609605 36.787582
-6.535707 49.177937
-1.461859 48.725159
7.097752 44.695518
-6.384976 48.263042
-5.093554 48.771015
-4.571283 48.845505
1.738805 46.857265
14.609605 36.787582
7.097752 44.695518
1.419720 46.890373
14.609605 36.787582
7.097752 44.695518
7.097752 44.695518
11.756640 41.584496
7.876191 45.284416
-0.160714 47.981232
7.773810 44.237053
-0.471345 47.579906
-1.472843 48.756630
-0.163962 47.954079
-22.353390 -22.810543
-27.735748 -18.318592
-34.620617 -17.535027
-27.655369 -21.474531
-27.651268 -21.471251
-28.437824 -21.099804
-5.927250 -3.738648
-7.659340 -3.725899
-7.299066 -1.705609
-7.330001 -0.962938
-7.291274 -1.642571
-8.982514 -5.031129
-7.511279 -0.215749
-6.849962 -1.372683
-6.732235 -0.818636
-6.827594 -1.235055
-7.376051 -0.683875
-7.802192 -3.475501
-12.366455 23.512737
1.667594 9.085008
8.946099 7.984278
0.101005 11.351971
-13.133430 8.547623
-10.883713 20.303883
-12.809858 22.928253
-15.640883 6.579295
-10.192507 13.875268
-11.603390 10.178802
15.944243 -6.017863
35.419189 -0.971332
19.301722 4.163917
35.701206 -1.515913
10.855680 -5.393506
8.869761 -11.659197
-24.384260 -1.584040
-20.167688 4.085493
-22.158705 -18.255247
-21.040401 3.399987
-19.452293 4.194213
14.983715 -6.955504
-17.194210 -19.338865
-19.708569 -18.843527
-35.474289 -17.073673
-13.958379 7.391720
1.319966 1.985554
-21.939070 -18.157030
12.086817 -9.096207
-11.181544 -16.748310
-8.198598 18.189573
2.091208 -14.631023
-8.144669 18.410780
-11.328716 10.817183
-16.771746 -19.607004
9.144713 -11.109776
-16.867582 -20.035839
-15.233354 6.511443
-25.650927 -18.191439
-35.753082 -17.137964
-21.706491 -19.000256
-8.296137 -16.389683
-12.286141 8.719820
2.006449 -15.775411
-11.691520 5.505001
-22.410271 -22.744080
-0.758660 -16.632071
-1.833823 13.300567
6.660528 10.039581
13.803419 -0.671372
23.206985 -1.306743
17.503857 -7.612665
22.728786 -1.211707
-8.296304 -16.389797
15.060893 -8.415915
12.265680 -7.420433
6.038475 -3.913538
15.061221 -8.418288
15.061212 -8.418212
15.060884 -8.415783
28.222498 -1.433411
15.060780 -8.415607
21.210169 -3.427700
33.956234 -0.986650
1.770357 9.635856
1.898350 -14.622420
-19.947063 -19.312321
-17.222319 -20.437241
6.185665 -14.514004
-12.778729 -18.340797
-25.628574 -18.199665
