0.9374053577 0.0089438805 0.0089364095 0.0089542835 0.0089326353 0.0089460837 0.0089376248 0.0089437252
0.0208704648 0.0208564829 0.0208417654 0.0208507399 0.0208387018 0.8540529515 0.0208432635 0.0208456302
0.0078379422 0.9452126403 0.0078245348 0.0078218660 0.0078222603 0.0078284944 0.0078232482 0.0078290137
0.9326386648 0.0096221565 0.0096196750 0.0096202788 0.0096185552 0.0096315281 0.0096212991 0.0096278425
0.8748718819 0.0178656983 0.0178756658 0.0178726377 0.0178659352 0.0178802358 0.0178671922 0.0179007532
0.0073602921 0.0073718209 0.0073595581 0.0073730324 0.0073632238 0.9484473037 0.0073617255 0.0073630436
0.0022338512 0.0022368036 0.0022351560 0.0022351874 0.0022356319 0.0022341120 0.1152843024 0.8713049555
0.0044696877 0.0044721826 0.0044694296 0.0044702308 0.0044748130 0.0044684154 0.3556284233 0.6175468176
0.0026071290 0.4545400919 0.0026067320 0.0026088614 0.0026083065 0.0026074242 0.0026072256 0.5298142294
0.0005716328 0.0005716485 0.0005715848 0.0005715930 0.0005714049 0.0005714729 0.0699749605 0.9265957026
0.0018399726 0.0018412277 0.0018402202 0.0018403181 0.0289786620 0.0018397808 0.0018407712 0.9599790474
0.2394392665 0.0050085265 0.0050046129 0.0050040197 0.0050084062 0.0050049702 0.4942935110 0.2412366870
0.0016910124 0.0016905777 0.0016906372 0.0016905341 0.0016910112 0.0016905717 0.7427101950 0.2471454606
0.0026064389 0.0026105791 0.0026068840 0.0026080685 0.0026089845 0.0026062774 0.0026061946 0.9817465728
0.0020518767 0.0020518956 0.1187148516 0.0020530265 0.0020509577 0.0738734666 0.0020523637 0.7971515615
0.0048133531 0.0048121427 0.0048113218 0.0048148963 0.0048110940 0.0048141280 0.0048195822 0.9663034819
0.0015070537 0.0015084393 0.0015073661 0.0015086191 0.0015077586 0.0015071599 0.0015075003 0.9894461031
0.0013756654 0.0013760171 0.0013755215 0.1278722280 0.0013758083 0.0013763900 0.0013758019 0.8638725678
0.0023174121 0.0023175599 0.0023174973 0.0023169570 0.0606984922 0.9253939274 0.0023188555 0.0023192987
0.0029791846 0.0029815295 0.0029802165 0.0029797509 0.0029818240 0.0029792924 0.3818561384 0.6002620637
0.9538971896 0.0065824833 0.0065877906 0.0065810678 0.0065843067 0.0065929279 0.0065863601 0.0065878741
0.0113894230 0.0113649760 0.0113700604 0.0113725815 0.0113670212 0.6580809113 0.0113673528 0.2736876738
0.0050158212 0.0050054682 0.0050033419 0.0050041254 0.0050041668 0.0050103088 0.0050030911 0.9649536765
0.0208704648 0.0208564829 0.0208417654 0.0208507399 0.0208387018 0.8540529515 0.0208432635 0.0208456302
0.0065878208 0.2190730045 0.0065873925 0.0065911054 0.0065882666 0.4063825215 0.0065944836 0.3415954051
0.9203751867 0.0113732732 0.0113697655 0.0113704555 0.0113681211 0.0113896637 0.0113720743 0.0113814601
0.8748959599 0.0178717524 0.0178728016 0.0178700074 0.0178698405 0.0178885466 0.0178625687 0.0178685229
0.8905031534 0.0156365690 0.0156394037 0.0156296446 0.0156505543 0.0156573322 0.0156374784 0.0156458644
0.0011073501 0.1059302268 0.0011089459 0.0011082120 0.0011076038 0.0011075638 0.0011081410 0.8874219566
0.0007407396 0.0007409276 0.0007407354 0.0007407043 0.0007405628 0.0007406589 0.5369327103 0.4586229611
0.0002052598 0.1075480523 0.0002052198 0.5882678091 0.0002051643 0.2106652489 0.0121213252 0.0807819207
0.0017141930 0.0017155782 0.0017145717 0.0017161529 0.1625648468 0.0017150692 0.0017143311 0.8271452571
0.0013323102 0.0013308400 0.0013310246 0.0013308326 0.0013311467 0.0013323067 0.1590787923 0.8329327469
0.9374053577 0.0089438805 0.0089364095 0.0089542835 0.0089326353 0.0089460837 0.0089376248 0.0089437252
0.0208704648 0.0208564829 0.0208417654 0.0208507399 0.0208387018 0.8540529515 0.0208432635 0.0208456302
0.0054456910 0.5745933462 0.0054428749 0.0054425710 0.0054429314 0.0054455570 0.0054447690 0.3927422594
0.9374537648 0.0089343592 0.0089322919 0.0089328481 0.0089315166 0.0089423200 0.0089336611 0.0089392384
0.0073607840 0.0073696259 0.0073594456 0.0073785551 0.0073623360 0.9484462591 0.0073604090 0.0073625854
0.8540440828 0.0208408583 0.0208513793 0.0208357847 0.0208403980 0.0208750868 0.0208379025 0.0208745075
0.0012024092 0.0012029110 0.0012025683 0.0012025151 0.0012035193 0.0189411202 0.0012038991 0.9738410577
0.1020257909 0.0019560010 0.0019556324 0.0019562894 0.0019583769 0.0019574602 0.0019582473 0.8862322019
0.9601882490 0.0056844507 0.0056886607 0.0056838110 0.0056862063 0.0056919626 0.0056874598 0.0056891999
0.0178875264 0.0178602266 0.0178679096 0.0178658032 0.0178634813 0.8749233310 0.0178606663 0.0178710555
0.0002301851 0.7849921703 0.0002300513 0.0002300656 0.2136269792 0.0002301519 0.0002302175 0.0002301790
0.0001463102 0.7505566119 0.0001462843 0.0001462817 0.0102469624 0.0941492403 0.0001463100 0.1444619992
0.0002058856 0.0002059863 0.0002058877 0.6023471710 0.0159155825 0.0002058805 0.0002059639 0.3807076425
0.3997465153 0.0069474622 0.0069470006 0.0069473196 0.0069478803 0.3051790113 0.0069490039 0.2603358067
0.0010259601 0.0010264887 0.0010258549 0.2555367682 0.0010265327 0.0010261164 0.2223920811 0.5169401979
0.1956408568 0.0035766717 0.0035746918 0.0035751989 0.0035771337 0.0035757898 0.3755243460 0.4109553113
0.9791222637 0.0029823316 0.0029827973 0.0029812956 0.0029823045 0.0029813993 0.0029851463 0.0029824619
0.0025034722 0.0025038736 0.0025034009 0.0025032137 0.2876982693 0.0025041474 0.2825294027 0.4172542202
0.7515407370 0.0031305392 0.0031315980 0.0031315135 0.0031293717 0.0031291915 0.0031294362 0.2296776127
0.0027228266 0.0027208806 0.0027211048 0.0027209087 0.0027206050 0.0027217658 0.4397178493 0.5439540592
0.0035788694 0.3979624745 0.0035770098 0.0035757173 0.0035768121 0.0035750542 0.0035761914 0.5805778713
0.0022762960 0.2082362608 0.0022761393 0.7781060069 0.0022772694 0.0022759366 0.0022755368 0.0022765542
0.3601688979 0.0019879867 0.0019866430 0.0019869068 0.0916169300 0.0019868713 0.3449208868 0.1953448775
0.0348804165 0.0023179162 0.0023176966 0.9512106618 0.0023177810 0.0023183158 0.0023182240 0.0023189880
0.0030543899 0.0030543117 0.0030529359 0.0933466641 0.3076463695 0.0030535074 0.2556983105 0.3310935110
0.0035786805 0.5128693713 0.0035760256 0.2166327597 0.0035772316 0.0035753499 0.0035783570 0.2526122243
0.0096246491 0.0096178583 0.0096395047 0.0096199434 0.0096177037 0.9326401834 0.0096184499 0.0096217074
0.0024064623 0.1301694349 0.0024085149 0.5800875641 0.2777035503 0.0024077077 0.0024074386 0.0024093272
0.0023178508 0.4555380092 0.0023178748 0.0023187320 0.1597012552 0.0023172100 0.0023185345 0.3731705336
0.0025533489 0.0025546511 0.0025531037 0.5989365415 0.1749204131 0.0025536688 0.0025547861 0.2133734868
0.0029132834 0.1492082368 0.0029106495 0.0029095943 0.0029131075 0.0029137083 0.0029110946 0.8333203255
0.2298804020 0.0025566527 0.0025526676 0.0025533633 0.0025538632 0.0025526631 0.0025533580 0.7547970301
0.0022745466 0.0022765390 0.0022749411 0.9840682147 0.0022773281 0.0022741802 0.0022770238 0.0022772266
0.0032084827 0.0032115740 0.0032092485 0.0032100597 0.5141253083 0.0032097109 0.0032096184 0.4666159974
0.1801856044 0.0034764261 0.0034757613 0.0034763119 0.0034753332 0.0034760940 0.0034767407 0.7989577285
0.0037891289 0.0037902579 0.0037895364 0.0037899765 0.0037899698 0.0037899193 0.0037929214 0.9734682898
0.1234697329 0.6724287627 0.0031293609 0.0031310044 0.0031306996 0.0031303002 0.0031290506 0.1884510888
0.0438588483 0.0000389636 0.0000389642 0.8390870829 0.0578765502 0.0590216850 0.0000389572 0.0000389486
0.0026634862 0.6278879359 0.0026616759 0.0026638070 0.1559661694 0.0026637249 0.0026621947 0.2028310058
0.0021210612 0.0021214924 0.0021205916 0.1274669394 0.0021218217 0.0021205912 0.4610852471 0.4008422554
0.0024060596 0.1401245862 0.0024072770 0.0024060961 0.0024082741 0.0024065096 0.0024081550 0.8454330423
0.0033024665 0.0032983479 0.0032945823 0.0032942723 0.0032929440 0.0032924639 0.0032918064 0.9769331167
0.0618244161 0.0020200463 0.0020185522 0.0450142737 0.8830660671 0.0020201529 0.0020183775 0.0020181143
0.0025020695 0.0025036889 0.0025018359 0.1350288361 0.0025027705 0.0025047680 0.0025039166 0.8499521145
0.0035755719 0.0035782627 0.0035742136 0.9749712228 0.0035743233 0.0035755817 0.0035742628 0.0035765613
0.0027201178 0.0027230592 0.0027204382 0.5363113993 0.0027215920 0.0027199729 0.0027214918 0.4473619289
0.0025031783 0.0025061481 0.0025051846 0.0025043073 0.0025054036 0.0025021781 0.0838970400 0.9010765599
0.7810368586 0.0312618336 0.0312559402 0.0312783964 0.0312790825 0.0313579754 0.0312568824 0.0312730308
0.0208482959 0.0208560106 0.0208410627 0.0208429643 0.0208381008 0.8540854543 0.0208425485 0.0208455628
0.0056971653 0.5655549912 0.0056885533 0.0056889835 0.0056875944 0.0056924465 0.4002941600 0.0056961058
0.0104359768 0.0104326220 0.0104503366 0.0104243899 0.0104310672 0.9269628797 0.0104277097 0.0104350182
0.0013465843 0.0013462944 0.0013462710 0.0013467145 0.0455968609 0.0013465080 0.0013459143 0.9463248528
0.0012168834 0.0012156180 0.0012152406 0.0012159984 0.0012151412 0.0012150614 0.0012159598 0.9914900971
0.0016678195 0.0016692214 0.0016685336 0.0016687588 0.0016701026 0.0016695731 0.0016701617 0.9883158293
0.0020873690 0.0020866528 0.0020852174 0.0020888404 0.0020908391 0.0020882200 0.0020889307 0.9853839306
0.0013181861 0.0013171223 0.0013192830 0.0013174148 0.0013170303 0.0013191929 0.0013193601 0.9907724105
0.0026083132 0.0026064463 0.0026063390 0.0026065489 0.0026061392 0.0026069115 0.0026086622 0.9817506398
0.0029136728 0.0029178128 0.0029154794 0.0029102036 0.0029125940 0.0029094771 0.0029117215 0.9796090389
0.0378231833 0.0010884785 0.0010882407 0.0010882601 0.0010883277 0.0010882528 0.2544666628 0.7022685941
0.9889076563 0.0015847839 0.0015839936 0.0015856222 0.0015847334 0.0015840210 0.0015849599 0.0015842296
0.0013317192 0.0013324616 0.0706934313 0.0013328591 0.0013322314 0.0013311592 0.1208467871 0.8017993510
0.0014897549 0.0014898466 0.0014896019 0.0014905389 0.0306144767 0.0014894674 0.0014899297 0.9604463838
0.0013914377 0.0013920534 0.0013909007 0.0013905213 0.0013919995 0.0013906775 0.4704698487 0.5211825611
0.0345930656 0.0015659912 0.0015660446 0.0015646802 0.0015652486 0.0015639650 0.0015661356 0.9560148692
0.2142256328 0.0021953199 0.0021972303 0.1906263121 0.0021948856 0.5841678646 0.0021960339 0.0021967208
0.0208556048 0.0208422979 0.0208474029 0.0208397209 0.0208481235 0.8540658053 0.0208495586 0.0208514860
0.0001285702 0.3829988457 0.0001285267 0.0001285374 0.5828844643 0.0213644861 0.0001286144 0.0122379553
0.0113751852 0.0113662642 0.4469331677 0.0113666768 0.0113659769 0.4848621002 0.0113654511 0.0113651780
0.0001309441 0.1347262271 0.0001309030 0.0001309176 0.8644880936 0.0001309470 0.0001309932 0.0001309744
0.0031303299 0.0031307915 0.0031285412 0.0031338650 0.9780732537 0.0031314387 0.0031343378 0.0031374421
0.0036812461 0.1932948567 0.0036842528 0.0036811812 0.0036832619 0.0036802155 0.2657440841 0.5225509017
0.0041726192 0.0041740060 0.0041714540 0.8138021914 0.0041723866 0.0041737755 0.0041724105 0.1611611569
0.0906859857 0.0026618614 0.0026626038 0.0026612357 0.0026612698 0.0026608851 0.0026649228 0.8933412358
0.0026642538 0.0026632384 0.0026621061 0.1836772155 0.0026649179 0.6311364456 0.0026626723 0.1718691505
0.8212785563 0.1639969693 0.0024535896 0.0024558097 0.0024544868 0.0024530371 0.0024536712 0.0024538800
0.0046353703 0.0046340022 0.0046334280 0.0046332540 0.0046362308 0.0046323495 0.1733615411 0.7988338241
0.0986547272 0.0019280720 0.0019280355 0.0019260479 0.0019258603 0.0019267542 0.0019254106 0.8897850923
0.0039173837 0.0039148802 0.0039144153 0.0039132598 0.0039126241 0.0039115574 0.0039141541 0.9726017255
0.2052118026 0.4807290662 0.0036817946 0.0036817959 0.0036830971 0.0036819308 0.0036810235 0.2956494893
0.4306802584 0.0034772886 0.0034771782 0.0034783748 0.0034752276 0.0034777214 0.0034763336 0.5484576175
0.0030530750 0.1412220586 0.0030546752 0.0526795005 0.0030554656 0.0030543626 0.0030557926 0.7908250699
0.0029819805 0.0029811326 0.0029803127 0.0029824548 0.7327574304 0.0029817903 0.0029799191 0.2493549796
0.0039112646 0.1218935542 0.0039117897 0.0039139870 0.0039105876 0.0039105466 0.0039096443 0.8546386261
0.0250370277 0.0250026833 0.0250098266 0.0250095412 0.0250056322 0.8249206146 0.0250023656 0.0250123087
0.9909727760 0.0012893484 0.0012894367 0.0012892008 0.0012902941 0.0012903945 0.0012891401 0.0012894094
0.9950821101 0.0007024173 0.0007026569 0.0007024535 0.0007024562 0.0007030036 0.0007024757 0.0007024267
0.8248627790 0.0250322681 0.0250280215 0.0250117166 0.0250205395 0.0250297600 0.0250067200 0.0250081953
0.0156393618 0.0156280789 0.0156273822 0.0156272330 0.0156318965 0.8905812254 0.0156329436 0.0156318786
0.7438660992 0.0701500191 0.0112606220 0.0000309393 0.0142579834 0.1297099816 0.0284246297 0.0022997257
0.7941050237 0.0573292994 0.0047467390 0.0278256874 0.0320195594 0.0146054062 0.0346566366 0.0347116483
0.0027819892 0.5404332453 0.0027817026 0.0027828945 0.0027812574 0.0027826086 0.0027811946 0.4428751079
0.8236633054 0.1592675804 0.0028448662 0.0028453293 0.0028448828 0.0028434162 0.0028443137 0.0028463061
0.5127344129 0.0024079788 0.0024069367 0.0024085333 0.0024074579 0.0024062532 0.2244169779 0.2508114493
0.0039119096 0.0039099105 0.0039115345 0.0039107591 0.9152164880 0.0039106364 0.0039108628 0.0613178990
0.6372130205 0.0022773866 0.0022763011 0.2908186489 0.0022768228 0.0022757763 0.0605851847 0.0022768592
0.7701005416 0.0023632451 0.0023632687 0.2157199431 0.0023638755 0.0023620365 0.0023638791 0.0023632105
0.5329227292 0.0025551056 0.0025539225 0.1521135666 0.0025543905 0.0025532123 0.0025544096 0.3021926636
0.0022342716 0.1976576833 0.0022342364 0.0022351085 0.0022396918 0.0022339331 0.0022343639 0.7889307114
0.0861724617 0.2774381526 0.0023622672 0.1160423805 0.0023630442 0.2670323760 0.1171579775 0.1314313402
0.0037915840 0.1762471648 0.0037966726 0.0037923259 0.0037910425 0.0037899707 0.0037921218 0.8009991177
0.0034755886 0.3980483956 0.0034762985 0.0034818509 0.0034771556 0.0034742574 0.0034767807 0.5810896727
0.4668097301 0.0609452977 0.0021584195 0.0021586668 0.2643349028 0.0021588908 0.1283729145 0.0730611777
0.7206042273 0.0023630153 0.0023639882 0.0023616690 0.0023631585 0.0023634449 0.0023625443 0.2652179524
0.5953156563 0.0027836928 0.1405233375 0.2502508847 0.0027832596 0.0027802281 0.0027816186 0.0027813223
0.0017894531 0.1856576284 0.0017879331 0.2528684278 0.0017888982 0.0017876759 0.1977336204 0.3565863630
0.3224508322 0.0018975598 0.0018959365 0.0018970227 0.1805825938 0.0018969235 0.4874822689 0.0018968625
0.8095569653 0.1744623407 0.0026628570 0.0026640497 0.0026627964 0.0026628606 0.0026627493 0.0026653811
0.9846224294 0.0021967728 0.0021955145 0.0021975326 0.0021974045 0.0021955387 0.0021977994 0.0021970081
0.0023172252 0.0023191483 0.0023173397 0.0023177859 0.0023185540 0.0023167597 0.3647087110 0.6213844763
0.1992950228 0.0022768759 0.0388002793 0.2210697979 0.0022769510 0.0022766364 0.0022754777 0.5317289589
0.0020537530 0.4287598605 0.0020534193 0.5589206485 0.0020525409 0.0020528021 0.0020528381 0.0020541376
0.3400255783 0.0021218462 0.0021208802 0.5140234877 0.0021208585 0.0021216485 0.1353425622 0.0021231384
0.1252688225 0.0374183771 0.0017879137 0.4108202673 0.2685803309 0.0017880322 0.0017893481 0.1525469081
0.7810368586 0.0312618336 0.0312559402 0.0312783964 0.0312790825 0.0313579754 0.0312568824 0.0312730308
0.0156466881 0.0156529668 0.0156349067 0.0156347857 0.0156321326 0.8905243048 0.0156347359 0.0156394794
0.0250324612 0.8246777096 0.0250390384 0.0250170098 0.0250464778 0.0250426264 0.0250597973 0.0250848796
0.0062647495 0.6204820697 0.0062614953 0.0062582887 0.0062566914 0.0062564287 0.0062614661 0.3419588107
0.7810221573 0.0313158703 0.0312975704 0.0312681435 0.0312842092 0.0312877365 0.0312612685 0.0312630444
0.0010800855 0.1787415637 0.0010792780 0.0010788123 0.0010795396 0.0010796755 0.0397383501 0.7761226952
0.0366233395 0.0007920126 0.0007922768 0.0007918562 0.0007920031 0.0007925585 0.0007926974 0.9586232559
0.0007281108 0.3303388191 0.0473214769 0.1314015472 0.2907247550 0.0161121208 0.0007278762 0.1826452941
0.0790239906 0.2103018828 0.0010612171 0.0010614702 0.0010611502 0.0010610278 0.0010615246 0.7053677367
0.0010439793 0.0010438947 0.0010433269 0.0010437895 0.9926940964 0.0010438426 0.0010434231 0.0010436474
0.3624903511 0.4143348626 0.0030531562 0.0030535996 0.0030533964 0.0030548846 0.0030522027 0.2079075468
0.0008462014 0.1463541133 0.0008454842 0.0008459922 0.0008464115 0.0008462741 0.1470250518 0.7023904715
0.2597394586 0.4178324217 0.0006768496 0.0006769125 0.0264094812 0.0006766527 0.2298014948 0.0641867289
0.6700481533 0.0013315060 0.0013309355 0.0013318264 0.0013334067 0.0013311146 0.0392160148 0.2840770428
0.0380067437 0.0013466413 0.0013470942 0.0013463256 0.0584333269 0.0013464984 0.5540979418 0.3440754280
0.0006454913 0.0006453216 0.0006452278 0.3755801138 0.1541980246 0.0006456536 0.4669948909 0.0006452764
0.1391104264 0.6462949711 0.0010978517 0.0010985354 0.0971630196 0.0010987676 0.0010980582 0.1130383698
0.6059211131 0.2084603239 0.0010607587 0.0010602087 0.0010611002 0.0010601331 0.1803153216 0.0010610407
0.0962599174 0.0017155037 0.0017146693 0.0017149462 0.0017154182 0.0017158429 0.3647831630 0.5303805392
0.4772631287 0.3475293426 0.0009280391 0.1705700860 0.0009271295 0.0009269870 0.0009273390 0.0009279482
0.0011708757 0.0011704057 0.0011700793 0.0011702538 0.0011700282 0.0011707749 0.1810396910 0.8119378914
0.0008183610 0.0008183291 0.0008178634 0.2022689755 0.0008182208 0.0008187378 0.7928211863 0.0008183261
0.1957032524 0.0009414680 0.0009409078 0.0649495538 0.3146749732 0.0009410669 0.3431243296 0.0787244484
0.3539348712 0.0010016305 0.0010012941 0.2525118893 0.1948110815 0.0010010908 0.1947366899 0.0010014527
0.0052132609 0.0052127242 0.0052119568 0.0052148282 0.0052116140 0.9635084280 0.0052106232 0.0052165647
0.9374501720 0.0089343911 0.0089326272 0.0089332600 0.0089317217 0.0089437543 0.0089338374 0.0089402362
0.0015451292 0.0015463086 0.0015446974 0.0015464791 0.0015461019 0.0015459720 0.2176150379 0.7731102739
0.0012900079 0.0374843835 0.0012898910 0.0012912519 0.0012920386 0.0012909925 0.0337658542 0.9222955804
0.0018416409 0.0018412772 0.0018405552 0.4058601180 0.0018399864 0.0018427902 0.0018412303 0.5830924019
0.9048205295 0.0017143989 0.0017146106 0.0017141420 0.0017147093 0.0017143849 0.0848931162 0.0017141086
0.2570783978 0.0019261952 0.0019250841 0.0019245250 0.0019248962 0.0019243424 0.0019243711 0.7313721882
0.0016683247 0.0016694605 0.0016689859 0.0016697832 0.0016684917 0.0016693380 0.0816740160 0.9083116000
0.0033857710 0.0033857960 0.1470672028 0.0033823392 0.0033856956 0.0033811536 0.0033826421 0.8326293997
0.0020506266 0.0020518552 0.0020505927 0.0020514595 0.0020504063 0.0020510792 0.0020511261 0.9856428543
0.0018400444 0.0018408793 0.0018402548 0.0018404779 0.0018398726 0.0018392086 0.0018408719 0.9871183903
0.0517427053 0.0010525934 0.0010518703 0.0580069797 0.0010521287 0.0010519357 0.0010527079 0.8849890790
0.0019852980 0.0019866980 0.0019857620 0.0019872947 0.0019861145 0.0019855551 0.0019869652 0.9860963126
0.0156431258 0.0156305939 0.0156351858 0.0156306606 0.0156401036 0.8905540425 0.0156309913 0.0156352964
0.5618794468 0.0025042224 0.0025042005 0.0994759308 0.0025037989 0.2158818217 0.1127451035 0.0025054755
0.0025040762 0.0025052145 0.0025036558 0.0025039976 0.5750867548 0.0025045392 0.0025047598 0.4098870021
0.0331538210 0.0040390903 0.0040379773 0.0040386171 0.0040406480 0.0040378019 0.0040392817 0.9426127627
0.0701288442 0.1401260857 0.0021581836 0.0021572990 0.0021580229 0.0021579591 0.0021593018 0.7789543038
0.0029129024 0.9521671594 0.0029092431 0.0029116788 0.0303665982 0.0029100072 0.0029115658 0.0029108453
0.0036832563 0.0036821524 0.0036792350 0.3588909854 0.0036831430 0.0036796039 0.0036808139 0.6190208101
0.0723415314 0.0043131368 0.0043127177 0.0043135989 0.0043144890 0.0043134991 0.0043134479 0.9017775792
0.0022354437 0.0022347318 0.0022347136 0.1259109524 0.8606737837 0.0022360296 0.0022364763 0.0022378688
0.0014914062 0.0014911945 0.2234146710 0.0014903701 0.0014912324 0.0014936576 0.0014908798 0.7676365883
0.7810221573 0.0313158703 0.0312975704 0.0312681435 0.0312842092 0.0312877365 0.0312612685 0.0312630444
0.0139025029 0.0138914297 0.0138909759 0.0138922208 0.0138946702 0.9027385183 0.0138950720 0.0138946101
0.0643808624 0.1187408463 0.0000301222 0.1771421956 0.3260244015 0.2425952825 0.0000301241 0.0710561654
0.0000512907 0.0925185865 0.0000512693 0.6293422247 0.0000512817 0.2775140258 0.0000512752 0.0004200460
0.0037903297 0.0037914143 0.0037919438 0.0037901076 0.0037903903 0.0037891813 0.0037901038 0.9734665292
0.4171071761 0.0028437582 0.0028439620 0.0028448943 0.0028440687 0.0028453506 0.0028462419 0.5658245482
0.0048103381 0.0048101021 0.0048096695 0.0048110887 0.0048096913 0.0048115287 0.0048109590 0.9663266225
0.0024088953 0.1726802245 0.0024069818 0.0024081843 0.2879728494 0.0024060980 0.1711541078 0.3585626589
0.5405543696 0.4411264233 0.0030549096 0.0030523171 0.0030533734 0.0030536560 0.0030512770 0.0030536740
0.0026616090 0.0026632284 0.0026622425 0.8352031789 0.1488192259 0.0026619982 0.0026652978 0.0026632193
0.0021568931 0.2046970426 0.0021574010 0.0021567960 0.0021587131 0.0021561599 0.0021572400 0.7823597543
0.2401085335 0.0016472058 0.0016464477 0.2029549437 0.1129473949 0.0875980285 0.0016472449 0.3514502010
0.0040375470 0.1066554936 0.0040355742 0.3123057485 0.0040376916 0.0040381508 0.0040371981 0.5608525962
0.0021963671 0.0021964592 0.0021966335 0.0021959133 0.5320166990 0.0021962766 0.3399288674 0.1170727838
0.8540677932 0.0208383308 0.0208361355 0.0208456566 0.0208452981 0.0208877124 0.0208361877 0.0208428857
0.2846257508 0.6758457925 0.0065898984 0.0065852479 0.0065887541 0.0065888517 0.0065862515 0.0065894531
0.8540761024 0.0208534402 0.0208518944 0.0208415771 0.0208482392 0.0208519690 0.0208379419 0.0208388358
0.0009863258 0.1132402686 0.0009855620 0.0009859552 0.2385249199 0.0009860312 0.4989317406 0.1453591966
0.6914339283 0.2922401510 0.0027202936 0.0027215389 0.0027223829 0.0027209482 0.0027200149 0.0027207423
0.0257774621 0.0006993355 0.0006990947 0.0006995070 0.0006996121 0.0006995335 0.1201043597 0.8506210955
0.0007119090 0.8762016097 0.0007114579 0.0007116155 0.1195272028 0.0007118781 0.0007128493 0.0007114779
0.0014724759 0.0014730381 0.0014725171 0.5381379791 0.0014723449 0.0916850251 0.0014729085 0.3628137113
0.0022765151 0.0022768191 0.0022767314 0.0022765148 0.0022765176 0.1596730852 0.0022755613 0.8266682555
0.1374216946 0.4964293701 0.0010610575 0.0010608155 0.0010612788 0.0010613668 0.0010614213 0.3608429955
0.0021994629 0.0021965008 0.0021950688 0.0021978613 0.0021957665 0.0021992421 0.0021970807 0.9846190170
0.2155326884 0.0688612747 0.0011592940 0.0011588372 0.7098109439 0.0011596582 0.0011589986 0.0011583050
0.1679090494 0.0016919338 0.0016918539 0.5581487445 0.1824803218 0.0016914623 0.0846926717 0.0016939626
0.0008350243 0.1740245617 0.0008344666 0.0008348588 0.1479430745 0.0710443640 0.3660258310 0.2384578190
0.0052132609 0.0052127242 0.0052119568 0.0052148282 0.0052116140 0.9635084280 0.0052106232 0.0052165647
0.9374356438 0.0089359281 0.0089337999 0.0089329236 0.0089374851 0.0089459673 0.0089365805 0.0089416717
0.8748457019 0.0178727221 0.0178760312 0.0178625274 0.0178913752 0.0178959408 0.0178726091 0.0178830922
0.0073603115 0.0073707312 0.0073596021 0.0073730737 0.0073636481 0.9484490266 0.0073610288 0.0073625781
0.0023168245 0.0023179968 0.0023169850 0.0380243920 0.0023166618 0.0023166429 0.2089941600 0.7413963370
0.0034760218 0.0034762463 0.0034763267 0.0034754613 0.0034774100 0.0034822222 0.0034784748 0.9756578369
0.2195289409 0.0018144417 0.0018142011 0.0018147619 0.0018147982 0.0018138374 0.0018130849 0.7695859339
0.0041707017 0.0041807204 0.0041772048 0.0041772278 0.0041737873 0.0041809792 0.0041774442 0.9707619345
0.0021572625 0.0021615768 0.0021587742 0.0021574362 0.0021585973 0.9848927064 0.0021573674 0.0021562792
0.0017148090 0.0017139174 0.0017134066 0.0017133657 0.0017131469 0.0017136631 0.0017140318 0.9880036594
0.0009339373 0.0009337906 0.2619216195 0.0009335957 0.0009342931 0.0394143273 0.0575887284 0.6373397081
0.0020503065 0.0020508247 0.0608666171 0.0020529707 0.0020511688 0.0020528119 0.0020512611 0.9268240392
0.0022779527 0.3615854409 0.0022762933 0.0022744518 0.2191444123 0.0022747464 0.0022770946 0.4078896081
0.0014383556 0.0014391758 0.0014386988 0.0014380290 0.0971360165 0.8597485875 0.0014398095 0.0359213273
0.0005873876 0.1669550100 0.0005878167 0.0005875644 0.1492050842 0.1646265145 0.0005879102 0.5168627123
0.0043134428 0.0043189136 0.0043150464 0.0043145858 0.0043181358 0.0043139446 0.0043183944 0.9697875366
0.0012657257 0.0012641827 0.0012643104 0.0012635722 0.0012638772 0.0012633344 0.0012637357 0.9911512617
0.0029781294 0.0029785478 0.0029787148 0.0029784380 0.0029790116 0.0029789843 0.0029788524 0.9791493218
0.0013904147 0.4140681116 0.0013907832 0.0013907511 0.0013920161 0.0013905245 0.0013906120 0.5775867868
0.0025017189 0.0025016021 0.0025027934 0.0025013454 0.0025032866 0.0025026596 0.0025020846 0.9824845094
0.0017148123 0.1255623684 0.0017156607 0.0017153461 0.2001569922 0.0469685745 0.0017155515 0.6204506942
0.0021218390 0.0021222141 0.0021214050 0.0454533728 0.0394030434 0.0021203710 0.0021220513 0.9045357034
0.1401693995 0.0012776509 0.0012775050 0.0743836560 0.0012784941 0.7790573295 0.0012782052 0.0012777598
0.1450418172 0.0017378922 0.0017389146 0.0017385073 0.0017378570 0.8445303556 0.0017370613 0.0017375947
0.0017887404 0.8807042081 0.0017875093 0.0017889846 0.0017892849 0.1085634488 0.0017881583 0.0017896655
0.0057026727 0.7428135388 0.0056870897 0.0056929166 0.0056962094 0.0056893557 0.2230197504 0.0056984667
0.0034797960 0.6365989270 0.0034778170 0.0034754872 0.0034782044 0.0034764853 0.0034766884 0.3425365947
0.0921690520 0.0009416889 0.0009416480 0.4378627598 0.0009413759 0.0910578583 0.2394475925 0.1366380246
0.0022366088 0.0022389618 0.0022370070 0.0022371403 0.0022390535 0.0022347414 0.1141020128 0.8724744744
0.0050069964 0.0050087159 0.0050052259 0.2227047459 0.1784456599 0.0050113372 0.0050092484 0.5738080705
0.0032074172 0.0032122610 0.0032090162 0.0032108308 0.0032112669 0.0032073983 0.3031888022 0.6775530075
0.9945902160 0.0007718006 0.0007723304 0.0007718486 0.0007729479 0.0007727520 0.0007734736 0.0007746309
0.8248627790 0.0250322681 0.0250280215 0.0250117166 0.0250205395 0.0250297600 0.0250067200 0.0250081953
0.0139025029 0.0138914297 0.0138909759 0.0138922208 0.0138946702 0.9027385183 0.0138950720 0.0138946101
0.0000206113 0.0000206064 0.0000206042 0.0000206069 0.8849611388 0.0928119813 0.0221238386 0.0000206125
0.0001644918 0.0001645358 0.0213597082 0.0001645110 0.0001645135 0.9776533110 0.0001644530 0.0001644757
0.7535975353 0.0032066213 0.0032069752 0.0032061797 0.0032064470 0.2271579155 0.0032065908 0.0032117352
0.4030085480 0.0054371162 0.0054394230 0.0054368795 0.0054371114 0.5643648734 0.0054372097 0.0054388388
0.4365681605 0.0046321526 0.0046312245 0.0046316954 0.0046313325 0.5356397024 0.0046313218 0.0046344104
0.0096463377 0.0096175389 0.0096218816 0.0096178120 0.0096174654 0.9326434080 0.0096178017 0.0096177547
0.0069528407 0.0069471177 0.0069479700 0.0069499101 0.0069479831 0.5271600229 0.0069464243 0.4311477312
0.0015257544 0.0015252119 0.0015256301 0.0015252000 0.0015254784 0.9893225281 0.0015251364 0.0015250608
0.0048104625 0.0048092383 0.0048136989 0.0048102086 0.0048093152 0.9663251586 0.0048092404 0.0048126775
0.0056874093 0.0056853352 0.0056941891 0.0056847704 0.0056850308 0.9601956882 0.0056828856 0.0056846913
0.7662284647 0.0003343425 0.0003346406 0.0003343631 0.0003351355 0.2317643308 0.0003343621 0.0003343606
0.8748429759 0.0178752924 0.0178767321 0.0178764540 0.0178840751 0.0179016702 0.0178690168 0.0178737834
0.0083501111 0.0083459451 0.0083545922 0.0083410908 0.0083386563 0.9415959464 0.0083371199 0.0083365381
0.0467878868 0.0215373948 0.0000187473 0.0139690771 0.1848376694 0.7328117195 0.0000187534 0.0000187516
0.0313384705 0.0313308791 0.0312797457 0.0312752468 0.0312739766 0.7809324587 0.0312757538 0.0312934688
0.0054482314 0.9618807511 0.0054443262 0.0054419992 0.0054437342 0.0054447756 0.0054471756 0.0054490066
0.0352062203 0.1282178496 0.5225027005 0.1085929203 0.0447731104 0.0002878561 0.0002877224 0.1601316204
0.0003725402 0.4109650486 0.2842447329 0.0003725367 0.1168024058 0.0003725343 0.0003725863 0.1864976152
0.0083450290 0.6483615112 0.3015619955 0.0083419299 0.0083448852 0.0083437010 0.0083485574 0.0083523908
0.0250401394 0.0250361208 0.8246758857 0.0250560388 0.0250265002 0.0250547504 0.0250078993 0.0251026654
0.0002832272 0.2645979405 0.3791801035 0.0002832368 0.0002833306 0.0002830838 0.0002832820 0.3548057956
0.0004256765 0.1066904338 0.2715454142 0.0004257973 0.0004260413 0.0004257001 0.3369704316 0.2830905051
0.0018404988 0.6135755076 0.0018416979 0.0018405630 0.0018425035 0.0018423917 0.0018426427 0.3753741950
0.0006916539 0.0997838302 0.7487674805 0.0006919602 0.0006917451 0.0006920408 0.0006920551 0.1479892341
0.0012031772 0.1758022229 0.5026829418 0.0012031186 0.0012038949 0.0012029321 0.0012030301 0.3154986823
0.0001659463 0.7387422411 0.0001658590 0.0001658622 0.1407443671 0.0001657450 0.0151628542 0.1046871250
0.0010009435 0.1351980324 0.4723983426 0.0010017456 0.0986601976 0.0010010115 0.0010017936 0.2897379330
0.0014551953 0.0014570648 0.8733688650 0.1178977697 0.0014558795 0.0014550729 0.0014547311 0.0014554218
0.0002469575 0.5650395158 0.0748811692 0.1024736136 0.1301816633 0.0002470287 0.1266829813 0.0002470707
0.0083461369 0.6194141684 0.0083426376 0.0083414170 0.0083474599 0.0083460768 0.0083596017 0.3305025017
0.8122612385 0.0059556635 0.0059569653 0.0059542034 0.0059552760 0.1520045416 0.0059537045 0.0059584071
0.4990183167 0.2823825297 0.0000892934 0.0331885599 0.1437426189 0.0000892759 0.0000892856 0.0414001198
0.8873401229 0.0008231724 0.0008231616 0.0008231737 0.0008229219 0.0008233985 0.0008227738 0.1077212751
0.0078204945 0.0078311248 0.0078196128 0.0078353360 0.0078228579 0.9452270019 0.0078208317 0.0078227405
0.5069612254 0.0021970417 0.0863703281 0.2421385563 0.0021947958 0.0021975160 0.0021972511 0.1557432857
0.9538965486 0.0065835600 0.0065877547 0.0065808664 0.0065860653 0.0065920109 0.0065854328 0.0065877613
0.0312860779 0.0312532578 0.0312632665 0.0312605283 0.0312561674 0.7811567748 0.0312530983 0.0312708289
0.0625485751 0.0625021779 0.0625021353 0.0625110526 0.0625049892 0.5624007780 0.0625084154 0.0625218765
0.0056919643 0.0056943281 0.0056933180 0.0056936225 0.0056914759 0.9601531533 0.0056897757 0.0056923622
0.0069581423 0.0069558374 0.0069576677 0.1809415531 0.0069496485 0.2714905049 0.1039687850 0.4157778610
0.0104382178 0.0104205041 0.0104329102 0.0104233870 0.0104190889 0.9269937028 0.0104272997 0.0104448894
0.6399643730 0.0015249038 0.0733869649 0.0015252970 0.0015251225 0.2790215125 0.0015249565 0.0015268698
0.0138987497 0.0139057094 0.0138943873 0.2422639215 0.0139031150 0.6743505649 0.0138908721 0.0138926803
0.3750488498 0.0139004453 0.0138972198 0.0139033724 0.0139136088 0.5415521693 0.0138914902 0.0138928443
0.0089430725 0.0089417570 0.0089350020 0.1139087214 0.0089418864 0.8324494145 0.0089305340 0.0089496122
0.0113908012 0.0113742100 0.0113744657 0.0113764177 0.0113842169 0.9203632534 0.0113660761 0.0113705591
0.0054473281 0.0054467625 0.0054479120 0.1382372949 0.0054410326 0.5987872585 0.0820313829 0.1591610286
0.0531415319 0.6225313689 0.0001647638 0.1501107036 0.0417256955 0.0001647557 0.0467745273 0.0853866531
0.9487439860 0.0003269534 0.0003268061 0.0003272279 0.0003268089 0.0003269310 0.0003266216 0.0492946651
0.5600686879 0.3564465002 0.0003121677 0.0003123365 0.0003121952 0.0003122084 0.0003120790 0.0819238252
0.0078204945 0.0078311248 0.0078196128 0.0078353360 0.0078228579 0.9452270019 0.0078208317 0.0078227405
0.0018667034 0.0018685240 0.0018684315 0.1276381798 0.0018696125 0.0018699106 0.0785407545 0.7844778837
0.5238021965 0.0007236911 0.0496669870 0.0007236050 0.0007233991 0.4229135190 0.0007230287 0.0007235737
0.5007962219 0.3012101425 0.0001167800 0.0310441406 0.1228174476 0.0001168136 0.0001168222 0.0437816316
0.0078204945 0.0078311248 0.0078196128 0.0078353360 0.0078228579 0.9452270019 0.0078208317 0.0078227405
0.9860995386 0.0019855952 0.0019861521 0.0019846000 0.0019858048 0.0019870466 0.0019854224 0.0019858403
0.0001310464 0.0162428666 0.0806003504 0.5663807605 0.3362516350 0.0001311225 0.0001311313 0.0001310875
0.0078284008 0.0078206676 0.6698330807 0.0078221509 0.0078169760 0.2832360117 0.0078193837 0.0078233286
0.0003925766 0.2130360723 0.4121180947 0.0003923062 0.0003925624 0.0003923904 0.0482049203 0.3250710772
0.0003576968 0.1173069716 0.6969378157 0.0003578006 0.0003578076 0.0003576644 0.1839666748 0.0003575685
0.0016261435 0.3117279480 0.0016261863 0.0016261592 0.0016265996 0.1985690892 0.4815727258 0.0016251483
0.0853558270 0.0008183388 0.0008181563 0.0008186815 0.0008182616 0.0008185804 0.9065523407 0.0039998136
0.2271377755 0.0010884614 0.0010894049 0.0010883951 0.0010882651 0.0010888312 0.7663303203 0.0010885464
0.0918549973 0.0002715791 0.0002715874 0.0572298128 0.0002716685 0.0002716644 0.8495571275 0.0002715630
0.0009550098 0.0009558031 0.0009556282 0.0009557329 0.0009560878 0.0009552119 0.6340201311 0.3602463951
0.0443061602 0.0021578996 0.0021571478 0.0021567185 0.0021570922 0.0021565115 0.0021580697 0.9427504006
0.0015450890 0.2400612472 0.0015459765 0.0015469679 0.0015456545 0.0015455412 0.0552829762 0.6969265475
0.3614286693 0.0009205599 0.0009208993 0.0733612849 0.0009207993 0.0009207068 0.1520772679 0.4094498127
0.0022356704 0.0022354082 0.0724894034 0.0022342010 0.0022364631 0.0022372913 0.9140963340 0.0022352285
0.1379115307 0.2447260628 0.0020191158 0.0020189851 0.0020190389 0.0020192326 0.5212752183 0.0880108158
0.0017644317 0.0017638715 0.1393031829 0.3624928740 0.3211072708 0.0017644942 0.1700396828 0.0017641921
0.0078309840 0.4366472261 0.0078259062 0.0078291080 0.0078230588 0.5163883462 0.0078246516 0.0078307190
0.0173869569 0.0274180392 0.2944887450 0.0000568224 0.2162186104 0.0000568297 0.4443171908 0.0000568056
0.0002909983 0.2404992753 0.1166755040 0.1023659168 0.0002910538 0.2510822801 0.1680278133 0.1207671584
0.0007823874 0.0007824478 0.6330426229 0.2692135171 0.0007822997 0.0007828036 0.0938311536 0.0007827680
0.0000767146 0.3832703436 0.2670428987 0.1092403955 0.0347848784 0.0000767332 0.1149703634 0.0905376729
0.0065891298 0.6553145226 0.0065895380 0.0065877746 0.0065856196 0.0065863726 0.0065874199 0.3051596229
0.0002524284 0.7402678693 0.0002523375 0.0002524458 0.0002524728 0.0002526222 0.0803114356 0.1781583884
0.0002243900 0.3698982947 0.0002243068 0.0578214642 0.5439321965 0.0002242836 0.0274506049 0.0002244593
0.0001717496 0.5074859392 0.0001717047 0.1599025994 0.1194459055 0.0001717761 0.0001717036 0.2124786218
0.4249661195 0.0650860743 0.0033821304 0.0965734225 0.0033813327 0.3438961590 0.0033818692 0.0593328923
0.0018674311 0.2503343190 0.0018684475 0.1722257156 0.5680956005 0.0018681619 0.0018713948 0.0018689295
0.7174858933 0.2677880441 0.0024538776 0.0024552885 0.0024535362 0.0024529411 0.0024540000 0.0024564192
0.0969760266 0.0028478054 0.0028443155 0.0028446153 0.0028447283 0.0028458166 0.5825747786 0.3062219136
0.0032916796 0.0032924116 0.0032915615 0.0032921310 0.0032937192 0.0032908387 0.0032946988 0.9769529596
0.0026648805 0.0026647117 0.0026647241 0.0026636364 0.1045155313 0.0026643570 0.6387483668 0.2434137921
0.0029090046 0.0029096686 0.0029086833 0.0029111522 0.0029104333 0.0029093017 0.3498629352 0.6326788211
0.4953428541 0.3698901132 0.0000829147 0.0045859332 0.1017347323 0.0000829319 0.0000828973 0.0281976232
0.3201745008 0.0250042136 0.0250183364 0.0250078812 0.0250057651 0.5297693635 0.0250026505 0.0250172889
0.0054398821 0.0054489433 0.0054395461 0.0054546839 0.0054443814 0.0054465361 0.0054419964 0.9618840307
0.9878369936 0.0017374281 0.0017378185 0.0017365681 0.0017375908 0.0017385219 0.0017373835 0.0017376955
0.9883302964 0.0016669402 0.0016673883 0.0016669488 0.0016669691 0.0016677649 0.0016667971 0.0016668951
0.4105170701 0.3484237005 0.0000377786 0.0215599162 0.1833050781 0.0000377817 0.0000377713 0.0360809035
0.5776811183 0.3032853152 0.0530555948 0.0017148942 0.0017138505 0.0017157645 0.0017140803 0.0591193824
0.0011378181 0.0011375734 0.0011371674 0.0011376545 0.0011370713 0.2193000926 0.0011370816 0.7738755411
0.3638620505 0.0033823131 0.0033894358 0.0033821764 0.0033819281 0.6158351914 0.0033814374 0.0033854673
0.9374053577 0.0089438805 0.0089364095 0.0089542835 0.0089326353 0.0089460837 0.0089376248 0.0089437252
0.0208704648 0.0208564829 0.0208417654 0.0208507399 0.0208387018 0.8540529515 0.0208432635 0.0208456302
0.0048214784 0.7631986934 0.0048139328 0.0048118278 0.0048133580 0.0048125116 0.0048163569 0.2079118410
0.9270051395 0.0104254588 0.0104236579 0.0104251354 0.0104251262 0.0104351160 0.0104271621 0.0104332042
0.8540660908 0.0208454699 0.0208501517 0.0208399021 0.0208421291 0.0208651118 0.0208365581 0.0208545866
0.0017880121 0.0017892806 0.0854043826 0.0603854441 0.0017893781 0.0017876922 0.0868140375 0.7602417727
0.0009852218 0.0523771508 0.0287254013 0.0009864053 0.0009857834 0.2289438096 0.0009865418 0.6860096860
0.0046346686 0.2167677817 0.0046355751 0.0046383936 0.0046354939 0.0046341429 0.0046356355 0.7554183087
0.9270237480 0.0104212247 0.0104264301 0.0104210662 0.0104243389 0.0104260510 0.0104232271 0.0104339141
0.9123903163 0.0125095940 0.0125140210 0.0125082786 0.0125183215 0.0125289875 0.0125088655 0.0125216157
0.0004986992 0.4424723592 0.3223438472 0.0004986576 0.1613016923 0.0004987340 0.0004986955 0.0718873150
0.1127564885 0.0010425133 0.5210975615 0.0010429843 0.0010427892 0.0010432784 0.2433369555 0.1186374293
0.0016251302 0.0016261802 0.0877929949 0.1080711180 0.0016256357 0.0016259713 0.3359001956 0.4617327742
0.0011809519 0.1547863643 0.0011818604 0.0620637605 0.0011812900 0.0011811534 0.3335531581 0.4448714613
0.0451147822 0.0010903457 0.0010904173 0.0010883602 0.0010902703 0.0010877698 0.0010890338 0.9483490206
0.0002775276 0.0327395832 0.4435533042 0.0002776614 0.0002776757 0.0986376272 0.3123584485 0.1118781721
0.1412411958 0.2844823694 0.0007825030 0.4636942789 0.0007825126 0.0007822504 0.0007826082 0.1074522816
0.0006227160 0.0006227578 0.2801728079 0.0006225606 0.0006232242 0.0006229274 0.7160905690 0.0006224371
0.1682127126 0.0029794784 0.4226995666 0.0029792290 0.0029793555 0.0029830938 0.3941877484 0.0029788157
0.0028471920 0.0028453390 0.4066510163 0.0028452148 0.0718537977 0.0028444050 0.5072685459 0.0028444893
0.0023617097 0.6621374389 0.0023627140 0.2324325213 0.0023622098 0.0023613988 0.0023619240 0.0936200835
0.0010339974 0.0010348212 0.0010345470 0.0010341033 0.0010360104 0.0010338806 0.4799030303 0.5138896098
0.0013750728 0.3834970355 0.0013757721 0.0013758471 0.0522314619 0.0013753197 0.2740570056 0.2847124854
0.0011175871 0.0011174707 0.0011180531 0.0011173115 0.0011174656 0.0735319399 0.8344293632 0.0864508088
0.0005824530 0.3235188265 0.0294658551 0.0175674811 0.0005822231 0.0380653757 0.4516224453 0.1385953403
0.2419095458 0.5982237105 0.0010099608 0.0010098594 0.0010094662 0.0663674681 0.0010099992 0.0894599900
0.1952392223 0.0433211424 0.5132045201 0.0000372273 0.0707886282 0.1110267817 0.0663452532 0.0000372249
0.0024080072 0.5864990908 0.2477160766 0.0024070944 0.0024078920 0.1537442050 0.0024100007 0.0024076333
0.0096343948 0.6615676398 0.0096283928 0.0096283743 0.0096265128 0.0096288654 0.0096366490 0.2806491712
0.0000338488 0.0000338427 0.0021955880 0.0000338515 0.6791830355 0.3082899618 0.0000338417 0.0101960301
0.0002133148 0.2925487274 0.1323817100 0.2607949391 0.1451269494 0.0002133322 0.0424961662 0.1262248609
0.0050053651 0.0050071882 0.0050106168 0.0050074979 0.0050108353 0.0050082405 0.0050063093 0.9649439468
0.0032952018 0.0032937881 0.0032957596 0.0032970193 0.0032954580 0.0032965838 0.1371463821 0.8430798073
0.0027203808 0.0027225335 0.0027211928 0.8347188162 0.1132856244 0.0027225214 0.0027214399 0.0383874910
0.0017651284 0.2943787054 0.0017635304 0.0017634457 0.0017638838 0.0017648295 0.0017635269 0.6950369500
0.0036806211 0.0036815754 0.0036791886 0.0036807964 0.0036796428 0.0036791103 0.0036806424 0.9742384230
0.0024545264 0.0024532472 0.0024530171 0.0024555200 0.0024532669 0.0459909404 0.0024561473 0.9392833346
0.7810368586 0.0312618336 0.0312559402 0.0312783964 0.0312790825 0.0313579754 0.0312568824 0.0312730308
0.0156466881 0.0156529668 0.0156349067 0.0156347857 0.0156321326 0.8905243048 0.0156347359 0.0156394794
0.0083400399 0.0083455595 0.0942229183 0.0083452678 0.0083492184 0.0083396002 0.0083422902 0.8557151056
0.8248545360 0.0250181950 0.0250253467 0.0250088546 0.0250127351 0.0250436425 0.0250047484 0.0250319418
0.4704775458 0.0059553772 0.0059545866 0.0059552367 0.0059551572 0.4937786544 0.0059587790 0.0059646632
0.0026640744 0.0026646705 0.0026633760 0.1775807181 0.0026618831 0.8064367349 0.0026637884 0.0026647547
0.0208704648 0.0208564829 0.0208417654 0.0208507399 0.0208387018 0.8540529515 0.0208432635 0.0208456302
0.0056922457 0.4961062296 0.0056891531 0.0056873251 0.0056873000 0.0056863214 0.0056885412 0.4697628839
0.9203857027 0.0113729301 0.0113698390 0.0113704856 0.0113678819 0.0113809317 0.0113730463 0.0113791828
0.8540660908 0.0208454699 0.0208501517 0.0208399021 0.0208421291 0.0208651118 0.0208365581 0.0208545866
0.0003211754 0.0003208963 0.6032906315 0.0003209288 0.0003210313 0.1611890901 0.2339153112 0.0003209354
0.1609138304 0.1271998229 0.0010094573 0.0010100315 0.0010095502 0.0584132574 0.2940887414 0.3563553090
0.3490991540 0.0089330970 0.0089375458 0.0089311090 0.0089353612 0.0089370646 0.0089320318 0.5972946366
0.0003769625 0.0003770861 0.0003771343 0.0695953712 0.0244971516 0.1077824998 0.7966167840 0.0003770105
0.0005373525 0.0005372515 0.0005374345 0.1547180013 0.0005379452 0.1261707805 0.4635918942 0.2533693403
0.0010094851 0.0010100661 0.2059256349 0.0010096843 0.1743525877 0.2105450830 0.4051375514 0.0010099074
0.0059625599 0.0059646313 0.2082345559 0.0059728519 0.0059663580 0.7559655317 0.0059643390 0.0059691722
0.9931078850 0.0009845682 0.0009848147 0.0009844569 0.0009845563 0.0009848583 0.0009844030 0.0009844578
0.0010519313 0.0010525561 0.0010517314 0.0010523030 0.0010528953 0.0913074924 0.1467383208 0.7566927696
0.1914205260 0.0015265884 0.0153034316 0.0015269843 0.0995973436 0.4508817054 0.0015270166 0.2382164040
0.0974727379 0.2749230067 0.0344744172 0.0148184739 0.3613248600 0.1888319925 0.0281141736 0.0000403381
0.8748326801 0.0178788570 0.0178777845 0.0178681785 0.0178961334 0.0178997337 0.0178735951 0.0178730377
0.0139025029 0.0138914297 0.0138909759 0.0138922208 0.0138946702 0.9027385183 0.0138950720 0.0138946101
0.4314121860 0.0017642901 0.0017630091 0.0017647017 0.0017637608 0.0017633661 0.5580049038 0.0017637825
0.0046326825 0.0046320211 0.0046317184 0.0046327347 0.0046318344 0.0046316508 0.0046332363 0.9675741217
0.0002468840 0.6771667760 0.0066357119 0.0359849905 0.0002470465 0.2440697696 0.0354017137 0.0002471078
0.0018971544 0.0018982663 0.0018960572 0.1066297804 0.7519138569 0.0018961099 0.0018983413 0.1319704337
0.0031286530 0.0031337611 0.0031291882 0.0031291792 0.0031307366 0.0031290886 0.0031305456 0.9780888476
0.0023176719 0.0023194824 0.0023180492 0.2797643859 0.0023181666 0.0023198400 0.4694312138 0.2392111902
0.0023174175 0.2143321301 0.0023170501 0.0023174389 0.0023176206 0.0023158626 0.0023185208 0.7717639594
0.0976188325 0.0028438922 0.0028447982 0.0028431249 0.0028433120 0.0028424447 0.0028439777 0.8853196178
0.0026621886 0.0026629670 0.0026632932 0.0026618052 0.0026632671 0.0026628963 0.0026632623 0.9813603203
0.0015850389 0.3390706428 0.0015853836 0.0015854572 0.0676014920 0.1617416865 0.4252447705 0.0015855283
0.0025541274 0.3816324307 0.0025532883 0.3297658437 0.0025541669 0.0025556382 0.0025529402 0.2758315646
0.2345420138 0.0021210271 0.0021203976 0.0021212677 0.0021238458 0.0021211742 0.6718162559 0.0830340178
0.0208704648 0.0208564829 0.0208417654 0.0208507399 0.0208387018 0.8540529515 0.0208432635 0.0208456302
0.0052143252 0.5022765452 0.0052153346 0.0052139805 0.0052156427 0.0052126070 0.0052149575 0.4664366073
0.9203857027 0.0113729301 0.0113698390 0.0113704856 0.0113678819 0.0113809317 0.0113730463 0.0113791828
0.8540660908 0.0208454699 0.0208501517 0.0208399021 0.0208421291 0.0208651118 0.0208365581 0.0208545866
0.0016262708 0.0016253782 0.0016257164 0.0016259170 0.0016252224 0.1561441502 0.7143369856 0.1213903594
0.1787179431 0.0008578315 0.0008579300 0.5566857435 0.0008573338 0.0008577735 0.2603080181 0.0008574265
0.0029110167 0.0029079982 0.0029080771 0.0029078748 0.0029091690 0.0029082203 0.0029086839 0.9796389600
0.0022355416 0.0022365486 0.0022362366 0.0022361982 0.0022354644 0.0948590534 0.7340941556 0.1598668017
0.0011168912 0.0011172628 0.0011172141 0.0011178061 0.0011169940 0.0011167628 0.3449995893 0.6482974797
0.4357081290 0.0125050791 0.0125132199 0.0125030891 0.0125081175 0.0125115766 0.0125058098 0.4892449791
0.8905278038 0.0156290141 0.0156419017 0.0156349151 0.0156311803 0.0156373756 0.0156353206 0.0156624890
0.0315496394 0.0012146249 0.0012150105 0.0012152178 0.0012148544 0.0012148302 0.2858706927 0.6765051301
0.0023192481 0.1324145072 0.0023191916 0.0023192019 0.0023186107 0.5935412721 0.0023178626 0.2624501058
0.0021205106 0.0021231868 0.0021211237 0.0021239317 0.0021215384 0.3000329480 0.0021209399 0.6872358208
0.0015460562 0.0015459497 0.0015446432 0.3081617399 0.0015447668 0.0015444400 0.2791273655 0.4049850385
0.0009855074 0.1301543811 0.0009854661 0.0009860634 0.0009857315 0.8639313345 0.0009856628 0.0009858532
0.0009271744 0.2064865658 0.0009270191 0.0878757567 0.1310882163 0.1315737980 0.4401934468 0.0009280229
0.0282573779 0.0022347277 0.0022360675 0.0022342202 0.0022344473 0.0022350949 0.0022341976 0.9583338669
0.0012767542 0.0962972840 0.0012764642 0.0012777701 0.0012776270 0.0012769184 0.0012774644 0.8960397176
0.0017871822 0.0017870678 0.0017870225 0.0017866950 0.0017872393 0.0017877844 0.0017881080 0.9874889008
0.0016473690 0.1277751510 0.0016472576 0.0016480471 0.0016468253 0.0016473268 0.0016478380 0.8623401852
0.8540724163 0.0208395704 0.0208516659 0.0208359043 0.0208394914 0.0208534204 0.0208415838 0.0208659474
0.0014069690 0.0014071829 0.0014063891 0.0014068898 0.0014062612 0.0014059303 0.3020119522 0.6895484255
0.0293987005 0.0011914751 0.0011915928 0.0011919782 0.0011915001 0.0011915613 0.1913151595 0.7733280326
0.0004011918 0.0685050689 0.0522010358 0.0004018202 0.0004012605 0.0004011639 0.1200784000 0.7576100590
0.0017384216 0.0017375774 0.0017375853 0.0260542308 0.0017372576 0.0017380763 0.0017399434 0.9635169076
0.0002444780 0.1985311332 0.0420712751 0.0311661769 0.1437739098 0.1343385865 0.1935291523 0.2563452882
0.0007819993 0.0007817931 0.0007818411 0.0007819764 0.0007822707 0.0277335543 0.5532817456 0.4150748196
0.0477135524 0.0013754622 0.1419499287 0.0013754780 0.0013760839 0.1625455290 0.5694360184 0.0742279474
0.0017388492 0.0017373980 0.0017387025 0.0017380684 0.0017376700 0.6004992674 0.0017386573 0.3890713873
0.0015835123 0.0015846068 0.0015838202 0.0428393995 0.0015856471 0.0015838533 0.1175097699 0.8317293910
0.0013601112 0.1651614546 0.0013612357 0.0013630405 0.0013611155 0.0013603850 0.3591060064 0.4689266511
0.0016046649 0.0016058439 0.1870309069 0.0016044215 0.0016052768 0.0016047486 0.0016048534 0.8033392840
0.1110412233 0.3801313509 0.0009781702 0.0009781774 0.0009780916 0.0009781990 0.0927782637 0.4121365237
0.0011478689 0.0618416454 0.0011485796 0.0011481125 0.0011487994 0.0011480176 0.4664782885 0.4659386880
0.0044660809 0.0044695446 0.0454531839 0.0495592167 0.0044678663 0.0044657746 0.0044729890 0.8826453439
0.0034763545 0.0034766600 0.0385022907 0.0034753008 0.0034752461 0.0034738193 0.0034786529 0.9406416756
0.0024533114 0.0024535285 0.0024667543 0.0024538797 0.0024532601 0.0024521733 0.0024560524 0.9828110402
0.0034740415 0.0034749246 0.0034800641 0.0034751493 0.0034742400 0.0034731046 0.2212431217 0.7579053543
0.0900734863 0.1411023009 0.0006557103 0.0363582214 0.1659887275 0.0006553308 0.1274200745 0.4377461483
0.0009204851 0.0009204827 0.1685377300 0.0009200906 0.0009214754 0.0009204055 0.7282154087 0.0986439219
0.0008128795 0.0788318584 0.1418740780 0.0008133940 0.1063596005 0.0008130095 0.4110552495 0.2594399307
0.0014381665 0.0014391220 0.0014392916 0.0014382675 0.2312759230 0.0014386897 0.1793017328 0.5822288069
0.0009552424 0.0009559495 0.1227647312 0.0009554333 0.1033495208 0.1946794020 0.0009561587 0.5753835622
0.0016249531 0.0016258017 0.0016260026 0.2879488584 0.0016253151 0.1858487175 0.0016273896 0.5180729622
0.0016463317 0.0016468079 0.0016468300 0.1605610416 0.0016472779 0.0016471371 0.0351458338 0.7960587401
0.0014911523 0.2232952259 0.0631005602 0.0014905585 0.0014902297 0.0014897334 0.0014913073 0.7061512327
0.0011487347 0.1251564985 0.2708304297 0.0011482970 0.0011487393 0.0011480924 0.0011486805 0.5982705279
0.0007538760 0.0007545024 0.1895607494 0.0007545247 0.2139352937 0.4682444761 0.0786680912 0.0473284865
0.0015444525 0.0887895321 0.0015460914 0.0015464044 0.0015453731 0.0015443766 0.3613724637 0.5421113061
0.0004551690 0.2091590194 0.0004553956 0.0993821393 0.0004551685 0.1214561194 0.5132544216 0.0553825673
0.0007822036 0.2568293215 0.2442974705 0.0007823094 0.0007826826 0.2529221158 0.2428212811 0.0007826155
0.0004408539 0.0004407568 0.4336709752 0.0004409206 0.0683588276 0.0004411229 0.3452464691 0.1509600739
0.0008939542 0.0008946031 0.3913039786 0.0008947102 0.0008942421 0.0483679686 0.2276539083 0.3290966350
0.0011693582 0.0011709210 0.0011698594 0.0011697499 0.0363510682 0.0011694308 0.1078404260 0.8499591866
0.0008748447 0.0582111933 0.0008751683 0.0008759300 0.0008753967 0.0008746267 0.6964166764 0.2409961638
0.0012639100 0.2920966284 0.0012647429 0.0012644490 0.5207321899 0.0012641717 0.0012647795 0.1808491286
0.0036863207 0.3966590959 0.3302534519 0.2546764629 0.0036808677 0.0036806946 0.0036812991 0.0036818073
0.0038682030 0.0001476833 0.6280281241 0.0001477126 0.0320958358 0.0001476598 0.0001476873 0.3354170941
0.0000275939 0.3853820635 0.2718180400 0.0016202534 0.0764452317 0.0207109350 0.2171039650 0.0268919174
0.0007277750 0.0007282122 0.7729313544 0.0007275109 0.0007283485 0.0007282187 0.2227003508 0.0007282295
0.0001971201 0.1916392634 0.3842192437 0.0001971484 0.0001971648 0.0001971165 0.0001971832 0.4231557599
0.0200236338 0.0322771740 0.7247186032 0.0366419616 0.0114326454 0.0374312276 0.0953750261 0.0420997283
0.0001007381 0.0280709498 0.6228165440 0.0428585012 0.0811829554 0.0771522080 0.0877443573 0.0600737463
0.0000734206 0.2660128671 0.5420983781 0.0128776764 0.0890726884 0.0243397327 0.0654517749 0.0000734619
0.2321310400 0.2349497758 0.4310318447 0.0008237405 0.0008231501 0.0008238697 0.0008234116 0.0985931676
0.0001186962 0.1208362278 0.1757834935 0.0001185506 0.0592299525 0.0437640441 0.4963265712 0.1038224641
0.0002052652 0.5610379220 0.0455651773 0.0933453267 0.1301677098 0.0002052804 0.1692679444 0.0002053742
0.0014726274 0.0014730282 0.6386443842 0.0014726557 0.0014734916 0.2209089464 0.0014735727 0.1330812936
0.0014555494 0.0014558959 0.6075332456 0.0014554884 0.0014563477 0.2599015164 0.0014564278 0.1252855288
0.0015456070 0.0015453079 0.0015461028 0.2004074630 0.0015448006 0.1165216330 0.3539918827 0.3228972029
0.0003514841 0.0560490927 0.4646758740 0.1288563465 0.0053157915 0.0003517512 0.2774269258 0.0669727342
0.0946468140 0.1718946237 0.2667595931 0.0011922700 0.0011923109 0.0011916502 0.0011928611 0.4619298770
0.0041554456 0.4453586544 0.3313715513 0.0000236118 0.1883685935 0.0216495592 0.0090489755 0.0000236088
0.0007926894 0.0488372015 0.2056104379 0.0007928888 0.2105975288 0.2389804683 0.2935966535 0.0007921317
0.0003392035 0.2427195289 0.0191701205 0.0003393066 0.7364139564 0.0003394468 0.0003393635 0.0003390738
0.0005990995 0.0005990470 0.5211761050 0.0005990121 0.0783667663 0.0005994069 0.3974614694 0.0005990938
0.1936619456 0.3061638628 0.4712062412 0.0004325924 0.0004319311 0.0004316022 0.0272400959 0.0004317288
0.0010889227 0.3826264005 0.1116177373 0.0775738458 0.0010884979 0.0010887080 0.4238269603 0.0010889275
0.0001004557 0.6849091158 0.1768793402 0.0001004450 0.0031867247 0.0001004358 0.1346229600 0.0001005227
0.0001919909 0.7623020529 0.0296168609 0.0001920475 0.0001920232 0.0001918974 0.1864520575 0.0208610696
0.0005615343 0.0005613353 0.7259968770 0.2706342663 0.0005611952 0.0005616478 0.0005613847 0.0005617594
0.1026270096 0.0005068783 0.6250111635 0.0005067760 0.0005079916 0.0005069998 0.1416695169 0.1286636642
0.0008695098 0.0008686434 0.0008691363 0.0008688023 0.0008687824 0.0008695496 0.9939160434 0.0008695327
0.0013169884 0.0013182632 0.0013181245 0.0013175211 0.0013183821 0.0013175666 0.8074354571 0.1846576970
0.0035860418 0.0035763188 0.0035917161 0.0035793733 0.0035784418 0.0035945226 0.0035942135 0.9748993721
0.0025016549 0.0025029653 0.0025028543 0.0025027735 0.0025023804 0.0025016064 0.4042178502 0.5807679151
0.0638435036 0.3942763672 0.0018137059 0.0018130985 0.0018143239 0.0018130528 0.0018155734 0.5328103748
0.0011171996 0.0909190506 0.0011177157 0.0011175271 0.0011175621 0.0011175637 0.0011173688 0.9023760125
0.0013172050 0.1272723049 0.0013181835 0.0013181940 0.0013181631 0.0509517216 0.1788820048 0.6376222231
0.0004288170 0.0866679606 0.0004288130 0.0429923464 0.2061818855 0.0004287767 0.6624427634 0.0004286374
0.0276121633 0.1272016338 0.5341950831 0.1163866905 0.0908168828 0.0864268592 0.0173216414 0.0000390458
0.0000649955 0.0937883527 0.6824548696 0.0170055671 0.1448564129 0.0000650170 0.0000650234 0.0616997619
0.0000667739 0.5234024122 0.2730216153 0.0520801782 0.0000667856 0.0000667767 0.0283226456 0.1229728125
0.1187018891 0.5026305495 0.3779665042 0.0001401574 0.0001402887 0.0001401741 0.0001402445 0.0001401925
0.1056199100 0.3805858926 0.1551112707 0.0007929326 0.0007924623 0.0007929660 0.2352235209 0.1210810449
0.0011490384 0.0011487005 0.5938152437 0.0011491732 0.3992916970 0.0011485779 0.0011489070 0.0011486623
0.0014892243 0.3148383153 0.4085713888 0.0014902795 0.0014904651 0.0481485451 0.0014908830 0.2224808989
0.0007150611 0.1889452130 0.4246555015 0.3230741310 0.0007155194 0.0007153585 0.0604640542 0.0007151614
0.0009347237 0.2391697244 0.5663284901 0.0009342973 0.0009346135 0.0009347806 0.1898288761 0.0009344943
0.0013453216 0.2814039831 0.1028258775 0.5497474673 0.0013460250 0.0013455837 0.0606401993 0.0013455425
0.0059686540 0.3773667648 0.0059673008 0.0059565173 0.0059584781 0.0059552027 0.0059620090 0.5868650733
0.0560407309 0.0011382764 0.8397764940 0.0011377416 0.0011384046 0.0011379915 0.0011378051 0.0984925559
0.0013909267 0.2050838115 0.0013915026 0.0013914403 0.0224779126 0.0013914440 0.0916315359 0.6752414263
0.0326869935 0.0002674854 0.8125406143 0.0002674886 0.0002675858 0.0002676530 0.0002674340 0.1534347453
0.0004569394 0.1837145956 0.1004454010 0.0004569909 0.2581357753 0.0004577539 0.4558755092 0.0004570347
0.0002475957 0.4565237233 0.2020074802 0.0002475442 0.0827189708 0.1002412143 0.1577660525 0.0002474190
0.0005514441 0.0005517066 0.6788551379 0.1096869298 0.0005516809 0.0005518452 0.0005517832 0.2086994722
0.0006289709 0.0006292422 0.4042369364 0.1356116235 0.0334818525 0.0006290859 0.3264744966 0.0983077920
0.0003876695 0.4452943745 0.1544704902 0.0003878998 0.0420224874 0.1564231440 0.2006262204 0.0003877142
0.0010700111 0.1708927816 0.4260417721 0.3977148376 0.0010700768 0.0010700573 0.0010705190 0.0010699444
0.0013745988 0.3110729776 0.1062450149 0.0557399561 0.3699302223 0.0013755586 0.1528869241 0.0013747476
0.0013606162 0.7650831731 0.0013606413 0.0013605784 0.0013607448 0.0013598285 0.0013613595 0.2267530582
0.0016914972 0.3647595411 0.1390918945 0.0016914545 0.1808608889 0.0016918162 0.3085201108 0.0016927968
0.0013040557 0.2212893456 0.4463249425 0.0013045744 0.1174045686 0.0013032458 0.0013047467 0.2097645209
0.0096307293 0.2307290880 0.0096291331 0.0096257465 0.0096400653 0.0096270319 0.1924302896 0.5286879164
0.0028452802 0.0028429769 0.0028435630 0.0028436759 0.0028433145 0.0028436908 0.7997308421 0.1832066566
0.0039125357 0.7935146439 0.0039124922 0.0039119401 0.1830144241 0.0039099108 0.0039120670 0.0039119863
0.0026645311 0.2165419595 0.3116986248 0.0026631334 0.0026629984 0.0026615752 0.0026637485 0.4584434290
0.0026612216 0.0026611232 0.0026614415 0.0026618483 0.0026625359 0.0026637911 0.3011065058 0.6829215327
0.2576176733 0.0022361428 0.4502846856 0.0022369771 0.0022378763 0.0022357807 0.0022348888 0.2809159754
0.0025552186 0.0025545160 0.0025529157 0.0694455288 0.0025541419 0.0025523607 0.0025590071 0.9152263112
0.2516302986 0.0032935698 0.0032930770 0.0032942839 0.0032931105 0.0032926521 0.0032932722 0.7286097359
0.8748429759 0.0178752924 0.0178767321 0.0178764540 0.0178840751 0.0179016702 0.0178690168 0.0178737834
0.0003648536 0.0003650414 0.1133786607 0.1896422759 0.0003649792 0.6500330063 0.0003651625 0.0454860203
0.0007774389 0.0007778666 0.0007777325 0.0007779446 0.0007773741 0.8854572027 0.0007773614 0.1098770792
0.0581902623 0.0005215862 0.0005217153 0.0005216191 0.0005214753 0.7157334548 0.1587939615 0.0651959255
0.0003194834 0.0003192905 0.0003193249 0.0003193046 0.0003193088 0.8842385101 0.1138452642 0.0003195135
0.0087236995 0.0004569587 0.0579141173 0.0004570315 0.0004569098 0.8737243206 0.0325490682 0.0257178943
0.0004797538 0.0004797169 0.1171612504 0.0004795730 0.0004795340 0.8799606800 0.0004798712 0.0004796208
0.0004037449 0.0287216496 0.0004038692 0.1059331413 0.0004037765 0.7516804639 0.0004038044 0.1120495502
0.0005690281 0.0005688247 0.0005691925 0.0005690898 0.0005686211 0.5937421093 0.0005686722 0.4028444624
0.0005821932 0.0005819843 0.0005823276 0.0005819427 0.0005819086 0.6185118705 0.0005819372 0.3779958361
0.0005664805 0.0005661746 0.0005666331 0.0005661129 0.0005660461 0.5673901479 0.0005661117 0.4292122934
0.0005933452 0.0005931453 0.0005931798 0.0005930502 0.0005929926 0.5724200862 0.0005928508 0.4240213499
0.0003193874 0.0360611327 0.0003194274 0.0003192576 0.0003193723 0.3160443033 0.0003192974 0.6462978219
0.0004687663 0.0004687539 0.0004687262 0.0004686892 0.0004685340 0.4487526487 0.0004685799 0.5484353019
0.0006485934 0.0006483578 0.0006482685 0.0006483958 0.0006480976 0.5676044325 0.0006481243 0.4285057301
0.0003900230 0.0003900381 0.0003900478 0.0003899544 0.0003899990 0.4014889267 0.0003900708 0.5961709401
0.0004635492 0.0004635874 0.0004636122 0.0004636048 0.0004633576 0.4617827259 0.0004634799 0.5354360830
0.0005045883 0.0005046619 0.0005046439 0.0157143600 0.0005047851 0.6087165556 0.0005047399 0.3730456653
0.0006801020 0.0006800147 0.0506033084 0.0006799563 0.0006806087 0.5569599830 0.0006799478 0.3890360792
0.0005304623 0.0005303607 0.0005304164 0.0990663741 0.0005302640 0.5156266689 0.0005306488 0.3826548049
0.0019557023 0.0563389650 0.2295266825 0.0019551559 0.0019558207 0.0019556751 0.0019564603 0.7043555382
0.0037949306 0.0037949005 0.5546709343 0.0037948052 0.0037915556 0.0037945033 0.0037927244 0.4225656462
0.0008175335 0.0008182830 0.0008178015 0.4531769022 0.0008178722 0.0008174278 0.1798288695 0.3629053103
0.0013606704 0.5702833327 0.0013605977 0.0013616439 0.0013604672 0.0013607804 0.2582850525 0.1646274551
0.0010180401 0.1410805408 0.0010178619 0.0010178296 0.0010179226 0.0010171493 0.5999105477 0.2539201080
0.0011174886 0.3012296642 0.0011178366 0.2046930613 0.0011182400 0.0011181464 0.1740045847 0.3156009780
0.0006255934 0.0006260572 0.8083892633 0.0132552640 0.1752249451 0.0006257438 0.0006263608 0.0006267724
0.0668510013 0.3421006563 0.1564119535 0.4268142023 0.0002550646 0.0002550138 0.0070571830 0.0002549251
0.0006591679 0.0636099219 0.7177024681 0.0006590404 0.0006589690 0.0006590359 0.2153921435 0.0006592532
0.0206448245 0.2992981470 0.1628184840 0.0033386589 0.4708134819 0.0429280444 0.0000791966 0.0000791626
0.0522154019 0.4291370340 0.4061121616 0.0003161847 0.0003162600 0.1112705803 0.0003161995 0.0003161780
0.0000910408 0.1197934393 0.0845674865 0.0000910446 0.0036696357 0.0000910365 0.7296345844 0.0620617323
0.0000611906 0.2574995125 0.3411737613 0.0000611843 0.2726477898 0.0000611716 0.0578117937 0.0706835963
0.2939390191 0.3204515128 0.0059641854 0.0059608409 0.0059606517 0.0059582657 0.0059607577 0.3558047668
0.0607259931 0.0368929714 0.1665039047 0.0347156617 0.0001860530 0.5803026253 0.0464968209 0.0741759700
0.0831254791 0.0003948261 0.0445482777 0.0003948371 0.0003946644 0.5724958272 0.0003947077 0.2982513807
0.0003508564 0.0003505895 0.1586651619 0.0003510449 0.0003505445 0.4106748761 0.0750202306 0.3542366961
0.0001045434 0.0001045087 0.0026103609 0.3010951670 0.0001044615 0.1120248574 0.5484180125 0.0355380886
0.0009072214 0.2045839323 0.3813716152 0.2557954314 0.0009068577 0.1546204133 0.0009068711 0.0009076576
0.1488930689 0.0004438763 0.0004438633 0.0004438654 0.0004440053 0.0190040234 0.8224054212 0.0079218762
0.0006561729 0.0006557742 0.0006553417 0.0006560163 0.0006554131 0.0006555713 0.0116389131 0.9844267975
0.0013037329 0.0013046963 0.0013048217 0.0013036706 0.0013046246 0.0013040944 0.4434453911 0.5487289685
0.0011805764 0.0756263299 0.0967448469 0.1042484671 0.0011805752 0.0011813184 0.0011806909 0.7186571951
0.5322934276 0.0020876848 0.0020878223 0.0020865600 0.0020861225 0.0020846442 0.2593682405 0.1979054982
0.0005258886 0.3181374432 0.0698718611 0.0005263559 0.1020312937 0.0005257869 0.2317120949 0.2766692758
0.0010172467 0.0422254389 0.0010175792 0.0010186694 0.0010178971 0.0010168973 0.2264968089 0.7261894625
0.0001795859 0.3457209580 0.1133520812 0.2167484098 0.2881357087 0.0001796878 0.0355039714 0.0001795972
0.0004316418 0.0004318379 0.3804062945 0.0004315964 0.0699246390 0.0004317188 0.5475106265 0.0004316451
0.0000918203 0.2996576702 0.4704676077 0.0089990845 0.1314079048 0.0000918335 0.0000918708 0.0891922083
0.0001201087 0.1835205885 0.3611743549 0.1017062353 0.0991541850 0.0001201377 0.1620351685 0.0921692215
0.0747450183 0.0001634809 0.6777957816 0.0757075257 0.0474475920 0.0514108856 0.0725663030 0.0001634129
0.0002845515 0.0002846012 0.6027389175 0.0652571167 0.1128599269 0.0487967122 0.1438613961 0.0259167779
0.0028458410 0.0028434118 0.4032537045 0.0028439994 0.0028449342 0.0028483011 0.0028475191 0.5796722890
0.0006549930 0.1919129651 0.2125355943 0.0410502206 0.1835555213 0.0006552021 0.1588073556 0.2108281480
0.0012511181 0.2444636682 0.0012521438 0.0928247599 0.6564532100 0.0012517970 0.0012524154 0.0012508875
0.0024059707 0.4947901953 0.0024067581 0.0024056751 0.0024080007 0.0024052298 0.1540317790 0.3391463914
0.0012897541 0.0012913119 0.9648067184 0.0274493163 0.0012905231 0.0012917184 0.0012909594 0.0012896984
0.0004968095 0.4795420686 0.2129938843 0.0004971471 0.2591533578 0.0463229496 0.0004967940 0.0004969893
0.0334351588 0.1141260945 0.1883433539 0.0179349750 0.3653925561 0.0004423626 0.2798832317 0.0004422675
0.0065891147 0.5845868419 0.0065910499 0.0065859320 0.0065865040 0.0065842633 0.0065886923 0.3758876019
0.0023598752 0.0023622056 0.0023614964 0.0023613545 0.0023622908 0.0023609776 0.7541177271 0.2317140728
0.0172604807 0.2601629370 0.0009788573 0.0009779044 0.0009778832 0.1673513159 0.0009781499 0.5513124715
0.0017633413 0.0017640548 0.0017643775 0.0017620418 0.0017655861 0.0017624391 0.7765070444 0.2129111150
0.0226194190 0.4476566343 0.0529234588 0.0006800020 0.0006804270 0.0006804095 0.2165717164 0.2581879329
0.0017138992 0.0880939727 0.0017147407 0.0017137556 0.0017155261 0.0017130957 0.6696561258 0.2336788842
0.0001231509 0.2240905204 0.1025150521 0.0618603431 0.0103518886 0.0001231033 0.4624784526 0.1384574891
0.0008179207 0.0008185191 0.2052605710 0.0008184756 0.1895735522 0.2272571406 0.1697656078 0.2056882131
0.0003489833 0.1109707194 0.0656087651 0.0100926098 0.1903457175 0.0003486688 0.5180700955 0.1042144406
0.0007924698 0.3161131630 0.2865211686 0.3934040121 0.0007922849 0.0007922696 0.0007919740 0.0007926581
0.0010342317 0.0010349023 0.1075495259 0.5106199792 0.2590641240 0.0010347031 0.1186280914 0.0010344424
0.2916469310 0.0073612887 0.0073613935 0.0073574694 0.0073656555 0.6641781465 0.0073662590 0.0073628564
0.9374053577 0.0089438805 0.0089364095 0.0089542835 0.0089326353 0.0089460837 0.0089376248 0.0089437252
0.9203857027 0.0113729301 0.0113698390 0.0113704856 0.0113678819 0.0113809317 0.0113730463 0.0113791828
0.0023607457 0.0023632847 0.0023605640 0.0374994344 0.0023611601 0.0023609221 0.0023625753 0.9483313137
0.0012778626 0.0012778962 0.0012768512 0.0794549654 0.0012777825 0.0012775854 0.2271805834 0.6869764734
0.0021573554 0.0021574060 0.0021573385 0.0021565785 0.0021567949 0.0021574514 0.0021597435 0.9848973317
0.0012273466 0.0012271662 0.0012274001 0.0012267322 0.0012272690 0.0012271572 0.1781076451 0.8145292836
0.3144785825 0.0024073161 0.0024087825 0.1728931122 0.0024081407 0.4383429693 0.0646543241 0.0024067727
0.0014907659 0.0014895611 0.0014898608 0.0014902666 0.0014889102 0.0014908321 0.4489802057 0.5420795976
0.1183265811 0.5404484820 0.0012151605 0.0665565462 0.0012145303 0.0012158880 0.2698067499 0.0012160621
0.0008939549 0.2881632530 0.0424410978 0.1631677833 0.0008940019 0.0008944367 0.0008946866 0.5026507858
0.0006768414 0.1821190997 0.0006768633 0.0006764563 0.1079806721 0.0006764138 0.0835781983 0.6236154551
0.0001661704 0.9568092883 0.0001662276 0.0421933258 0.0001662122 0.0001662354 0.0001662963 0.0001662440
0.0003826713 0.0003829706 0.2432122221 0.0003828015 0.3569685047 0.0003828217 0.3979051538 0.0003828544
0.0006227460 0.2811927881 0.7036620277 0.0120312504 0.0006228933 0.0006230374 0.0006227458 0.0006225113
0.0204682704 0.0001888261 0.8217750936 0.1567988649 0.0001888440 0.0001888512 0.0001889155 0.0002023344
0.0001290325 0.2847834810 0.5152067525 0.0001290573 0.0148120629 0.0001291326 0.0001290642 0.1846814170
0.0002425018 0.2189827586 0.6166275652 0.0002426413 0.0002426996 0.0792688147 0.0002425534 0.0841504655
0.0656668428 0.1880715304 0.4310979690 0.0005279680 0.0005282240 0.0005279820 0.3130512633 0.0005282206
0.0002986750 0.4578179546 0.2019797088 0.0880056968 0.0002987855 0.0002988359 0.2304016733 0.0208986702
0.0001145006 0.2310718647 0.4800931477 0.0001145330 0.0797726023 0.0001145349 0.0531409386 0.1555778782
0.0001738801 0.3551762498 0.1397644141 0.0363939874 0.0682322791 0.0241549105 0.1074361885 0.2686680905
0.0003016786 0.0003016983 0.8272384212 0.0003016460 0.0003015791 0.0220206714 0.0564131224 0.0931211831
0.0830612197 0.3552785255 0.2728297432 0.0000504543 0.0202456825 0.0175852668 0.2208379451 0.0301111630
0.0083476429 0.5132265979 0.0083499301 0.0083398462 0.0083407035 0.0083420721 0.0083490099 0.4367041973
0.0059550629 0.0059622407 0.0059585388 0.0059581864 0.0059601259 0.0059546398 0.0059583321 0.9582928734
0.0048103872 0.0048157642 0.0048127174 0.0850460585 0.0048129695 0.0048099464 0.0048124618 0.8860796952
0.0062517052 0.0062615025 0.0062565994 0.0062536479 0.0062564400 0.0062519058 0.0062564891 0.9562117103
0.0641090445 0.0059632134 0.0059588223 0.0059582345 0.0059604187 0.0059547194 0.0059586526 0.9001368946
0.0009775712 0.0009784829 0.0009780098 0.1133889116 0.0009782819 0.0009775026 0.2234816236 0.6582396165
0.0023610281 0.0023603389 0.0023607572 0.0448644340 0.0023611006 0.0023606557 0.0613139033 0.8820177823
0.0010427144 0.1158991755 0.0690039723 0.0010436773 0.0010427842 0.0010431672 0.2686682712 0.5422562379
0.0030512852 0.2933518237 0.0030510712 0.0030532588 0.0030513582 0.0030510709 0.0030509823 0.6883391496
0.0299838781 0.0270216691 0.3154841603 0.1631204141 0.3022714901 0.0000222339 0.1620739147 0.0000222398
0.0048248059 0.0165468142 0.2107152298 0.2141467991 0.4491396488 0.0000412888 0.1045441262 0.0000412872
0.0113832628 0.6222480035 0.0113835285 0.0113716466 0.0113765278 0.0113731727 0.0113802203 0.3094836377
0.0250393454 0.0250063315 0.0250123589 0.0250141147 0.0250038348 0.0250304659 0.0250097689 0.8248837799
0.8540617340 0.0208408075 0.0208479886 0.0208404125 0.0208400158 0.0208552158 0.0208430913 0.0208707345
0.0056957100 0.0003547013 0.0003544958 0.3548183887 0.0003545130 0.0003547745 0.6054356025 0.0326318143
0.0059551578 0.0059656945 0.0059591190 0.0059574013 0.0059600524 0.0059543495 0.0059590253 0.9582892003
0.0012146899 0.0012155538 0.0012153986 0.0365298533 0.0012173474 0.0012150895 0.2983275310 0.6590645366
0.0004376413 0.0004376995 0.0004375053 0.1803678682 0.0004375692 0.0004373729 0.7444552986 0.0729890450
0.0816505189 0.6178319644 0.1944001983 0.0001624105 0.0001623693 0.1054678034 0.0001623782 0.0001623571
0.0641012861 0.0002408278 0.4899485440 0.0002407206 0.1060349706 0.1062281673 0.2329647782 0.0002407054
0.0006698831 0.0006696135 0.5254527044 0.0006694477 0.0006695394 0.0326562379 0.0006697245 0.4385428497
0.0004688475 0.3956108463 0.1709332028 0.0298582388 0.0004689338 0.0004690954 0.2962175815 0.1059732539
0.0004621010 0.7308073714 0.0372447999 0.1290139717 0.0156816427 0.0858659121 0.0004620833 0.0004621180
0.0132021772 0.2455839333 0.5736128718 0.0112794191 0.0005089071 0.0567990239 0.0005087321 0.0985049355
0.0606513615 0.2385706174 0.3389063777 0.1867173659 0.0002336236 0.0002336743 0.0283730678 0.1463139120
0.0005961492 0.6347573639 0.3150732382 0.0471882527 0.0005963449 0.0005961772 0.0005965620 0.0005959119
0.0016919595 0.0016923489 0.0751130055 0.0016917160 0.3259887265 0.0910107610 0.5011197030 0.0016917796
0.0069503711 0.3500711400 0.0069589393 0.0069543657 0.0069655276 0.0069544420 0.0069545203 0.6081906940
0.0009336087 0.0009337302 0.0009342217 0.0009339014 0.0009344617 0.0009339906 0.8497818630 0.1446142227
0.0004947507 0.0004948950 0.0004948461 0.0004950637 0.0004950241 0.0004949568 0.8010448486 0.1959856149
0.0026647781 0.0026625899 0.0656690867 0.0026638666 0.0026629280 0.0026613299 0.2843100666 0.6367053543
0.0023601649 0.0023621644 0.0023622117 0.0023611797 0.0023622414 0.0023633847 0.3372857537 0.6485428996
0.0017386124 0.0017391874 0.0017383732 0.0017383893 0.0017380960 0.0017385624 0.5911042066 0.3984645727
0.0009478690 0.4078325166 0.0009485899 0.0009488981 0.0009480731 0.1224809536 0.0009487647 0.4649443351
0.0009774858 0.1548511121 0.0009778458 0.0009776087 0.0009783260 0.0009773067 0.0009784666 0.8392818484
0.0001931149 0.8650746153 0.0001931154 0.1337663707 0.0001932907 0.0001931300 0.0001932265 0.0001931366
0.1639256581 0.0026059892 0.2176734501 0.0026072832 0.0026069411 0.0026092175 0.0026085730 0.6053628878
0.0002052862 0.8792830886 0.0638141573 0.0002052733 0.0002052364 0.0002051981 0.0419557417 0.0141260184
0.0027833503 0.0027794041 0.3884697260 0.0027847766 0.0027802585 0.1042554711 0.0027831087 0.4933639047
0.0004722729 0.3189581251 0.0004726335 0.4704564157 0.0004725511 0.0004724251 0.2082219344 0.0004736422
0.0018406565 0.0018405604 0.5984229100 0.0018406271 0.0018404933 0.0018415749 0.0018418280 0.3905313498
0.0013474750 0.3576772009 0.0013463542 0.0013471535 0.0554036061 0.0013455298 0.2293427496 0.3521899309
0.0011814856 0.1361584995 0.0011813269 0.0011814201 0.0011809445 0.0011808019 0.0534598308 0.8044756908
0.0570513725 0.4622796705 0.0820172233 0.1209209376 0.2754810161 0.0007500679 0.0007496827 0.0007500294
0.0005391441 0.0005397616 0.0520162632 0.4944152620 0.4211390490 0.0005397625 0.0302712746 0.0005394830
0.0005692301 0.5284535814 0.2068832552 0.0005689404 0.0005690310 0.0005691179 0.2389984991 0.0233883449
0.0013184807 0.3148924164 0.0013183632 0.0013184282 0.0013185050 0.0013182232 0.6771986315 0.0013169519
0.0008691108 0.7363289205 0.0008695032 0.1932086681 0.0008688583 0.0008693001 0.0661161945 0.0008694445
0.0008181337 0.4896672304 0.1163839228 0.1079796222 0.0008183937 0.0008180810 0.0008183843 0.2826962319
0.0009699007 0.4098621810 0.0937379368 0.2350579895 0.2574604058 0.0009707151 0.0009710196 0.0009698515
0.0003441476 0.9975916065 0.0003438179 0.0003439768 0.0003440999 0.0003442802 0.0003441314 0.0003439396
0.0001763308 0.2101949232 0.0001762723 0.0001763308 0.7887471975 0.0001762650 0.0001763677 0.0001763127
0.0039217714 0.6069730781 0.0279939367 0.0049790383 0.1831590542 0.0307588494 0.0000971157 0.1421171562
0.0018973628 0.7835900053 0.0018955518 0.0018999615 0.2050128826 0.0019002196 0.0018987832 0.0019052331
0.1933849967 0.5926783411 0.0021952884 0.0021966063 0.0021967493 0.0021953865 0.2029563537 0.0021962781
0.0024544423 0.6145591266 0.0024527968 0.3707122597 0.0024538786 0.0024548393 0.0024557748 0.0024568819
0.2066825857 0.0007538965 0.0007540748 0.0007537266 0.0007537469 0.1363257396 0.0007544700 0.6532217599
0.0009068242 0.0009064527 0.0009067132 0.0009067443 0.0009064585 0.0009066785 0.3537441902 0.6408159384
0.0013170474 0.0013176472 0.0262722560 0.0013177912 0.0013171930 0.1048455971 0.0013182410 0.8622942271
0.0050029364 0.0050081320 0.0050047099 0.0050070346 0.0050089395 0.0050037665 0.3472327920 0.6227316892
0.0016471053 0.1607017154 0.0381946455 0.0016466692 0.1189089756 0.0016462751 0.0016483913 0.6756062226
0.0003759112 0.2962044651 0.2310495098 0.0003758510 0.0003760806 0.0003760873 0.0003760577 0.4708660374
0.0046312781 0.2037019479 0.0046348267 0.0046355577 0.0046365371 0.0046340452 0.0046382762 0.7684875312
0.0030504660 0.0030553666 0.0030542289 0.0030529640 0.0030522762 0.0755691108 0.0030523552 0.9061132322
0.0031295507 0.5574674626 0.0031330780 0.0031297550 0.0031321736 0.0031349887 0.0031325421 0.4237404493
0.0032102558 0.9338217653 0.0032120082 0.0469144282 0.0032108273 0.0032074903 0.0032096990 0.0032135259
0.3976969272 0.0011078590 0.1616541583 0.0011074256 0.0011072433 0.0011073345 0.0011078388 0.4351112133
0.0020871695 0.0020873868 0.0020874028 0.2036911862 0.0020879522 0.0020900235 0.3660090589 0.4198598202
0.0775161007 0.0004601767 0.6607774812 0.0004600808 0.0693782217 0.0004603126 0.1298008075 0.0611468187
0.0014553717 0.0014556485 0.1646069309 0.0305816074 0.0014554431 0.0014558183 0.4038009113 0.3951882688
0.0013613100 0.0013599422 0.6037617057 0.0013602242 0.0013597312 0.0013610322 0.0013606183 0.3880754362
0.0030536721 0.0030507114 0.3291594700 0.0030518185 0.0030517763 0.0747940679 0.0030539812 0.5807845026
0.0009407361 0.1953026958 0.7990510956 0.0009408999 0.0009412565 0.0009409853 0.0009407653 0.0009415656
0.0008872335 0.1104291713 0.5910819165 0.0008879402 0.0008875098 0.2026477470 0.0008881232 0.0922903586
0.0020865244 0.3845182507 0.3269936646 0.0020875447 0.0020861498 0.0020866062 0.0875542408 0.1925870187
0.0008459480 0.3386157102 0.3303297422 0.0008459805 0.0008463105 0.0008461627 0.0008461342 0.3268240117
0.0028449312 0.0028466492 0.4868491619 0.0028463943 0.0028455568 0.0795864298 0.0028474930 0.4193333838
0.0001444316 0.1131691880 0.6991088056 0.0001445668 0.0181017128 0.0182339358 0.0001444598 0.1509528995
0.0002254861 0.2375294690 0.5908602655 0.0002255237 0.0945665599 0.0002256339 0.0002256199 0.0761414420
0.0003669446 0.0003672180 0.1304528603 0.1248103638 0.7429014082 0.0003671883 0.0003670550 0.0003669618
0.0005688642 0.3058812326 0.0005692161 0.3288499372 0.0005690433 0.0005690019 0.0005689413 0.3624237634
0.0003136024 0.2783848590 0.1226392613 0.0003138294 0.4663770148 0.0783265417 0.0533312908 0.0003136006
0.0006453742 0.5843458731 0.1635165233 0.0911983352 0.0006451871 0.0006453500 0.1583575443 0.0006458128
0.0005793767 0.1481288354 0.3876433539 0.0005797787 0.0530903046 0.0005795437 0.0005794226 0.4088193843
0.0009480316 0.2658067266 0.5392489257 0.0009481334 0.0523778812 0.0009480300 0.0009483145 0.1387739571
0.0003961999 0.0003962879 0.4800864587 0.0003964028 0.1639435917 0.0003963263 0.0620939650 0.2922907677
0.0015078990 0.0015087081 0.0015088627 0.4722461274 0.1891674813 0.0015081979 0.0469335442 0.2856191795
0.0018399641 0.2898321244 0.0018420614 0.0018408423 0.6991199242 0.0018404923 0.0018416651 0.0018429263
0.0027222735 0.3126796079 0.3022902859 0.0027217707 0.2030102960 0.0027205150 0.0027217599 0.1711334911
0.0059648454 0.0059622813 0.9582623438 0.0059625789 0.0059636700 0.0059679456 0.0059552625 0.0059610725
0.0020192797 0.6051430369 0.0020198424 0.0020184173 0.0020198627 0.0974924265 0.0020180399 0.2872690946
0.2416335476 0.0008818812 0.0008814086 0.0008821345 0.0008809826 0.0008815429 0.6827065609 0.0712519417
0.0027809983 0.0027811315 0.0027833398 0.0027816915 0.0027808418 0.2587745220 0.6399434077 0.0873740674
0.0524656398 0.0294116316 0.0010016564 0.0010012354 0.0010018800 0.0010013392 0.2670778299 0.6470387878
0.0022360672 0.0022361693 0.0022354349 0.0022349236 0.0022352232 0.0022337456 0.9029630787 0.0836253577
0.0015647679 0.0015654985 0.0015648821 0.1414206329 0.0015652682 0.0015642743 0.2219356370 0.6288190391
0.0003517057 0.0003517350 0.3103419560 0.0003515980 0.0003517116 0.0003515403 0.3578288779 0.3300708755
0.0004761325 0.1703313005 0.3466806314 0.1541744042 0.2452605492 0.0004761176 0.0821248113 0.0004760533
0.0627350845 0.0002819971 0.4622465622 0.0002819522 0.0002820077 0.0002820289 0.4595627403 0.0143276271
0.0004501622 0.2316093947 0.2706777891 0.0151099724 0.0004501877 0.0004505601 0.0004504458 0.4808014881
0.0612798780 0.0012397934 0.0012397084 0.1807331631 0.7517891685 0.0012391762 0.0012397882 0.0012393243
0.0020863394 0.4239363606 0.1364514326 0.0020866925 0.4291805908 0.0020856167 0.0020857601 0.0020872074
0.0020191600 0.0615977539 0.5335509183 0.0982837237 0.0020205064 0.0020198011 0.0020206135 0.2984875230
0.0023602361 0.6595873509 0.3262374426 0.0023621352 0.0023635282 0.0023621800 0.0023640064 0.0023631205
0.0015452955 0.0015454206 0.9473416282 0.0015447885 0.0015454761 0.0015447938 0.0433874030 0.0015451943
0.0009853726 0.9930968416 0.0009856260 0.0009860652 0.0009864363 0.0009857415 0.0009862713 0.0009876455
0.0062603761 0.3604892109 0.0062596668 0.0062554872 0.1775995605 0.0062589573 0.0062550801 0.4306216611
0.0177504130 0.0002483834 0.1003938847 0.0002485711 0.0002483745 0.4150557360 0.3666275330 0.0994271043
0.0266323824 0.0003616230 0.0003616958 0.0003618865 0.0003616264 0.5199542301 0.4516045937 0.0003619621
0.0867154010 0.0003587469 0.0003588632 0.0559003698 0.0003588331 0.7677890847 0.0881599823 0.0003587191
0.1872571316 0.0001790510 0.0001791375 0.0001790370 0.0001790427 0.1704403118 0.4679805286 0.1736057599
0.0573515789 0.1207976032 0.0000782036 0.0000782404 0.0000782216 0.1124660954 0.6709044229 0.0382456339
0.0005350151 0.1428807273 0.0005351333 0.0005350847 0.0152232196 0.8392204897 0.0005354047 0.0005349254
0.0003121383 0.0003120848 0.0003121917 0.0003122475 0.0003121801 0.6490091869 0.3205826471 0.0288473236
0.0003320659 0.0003318024 0.0003319230 0.0003319078 0.0003318978 0.4879922550 0.5100160475 0.0003321007
0.0001890820 0.0001890415 0.0001890466 0.0345295289 0.0001890972 0.4992855936 0.4652393979 0.0001892123
0.0002397599 0.0002397706 0.0002398154 0.0236112156 0.0002397961 0.6960372090 0.2791526326 0.0002398008
0.0595881445 0.0004089747 0.0004092716 0.0238449626 0.0004088819 0.5902196317 0.3247106838 0.0004094492
0.0104355436 0.0104177947 0.0104235556 0.0104186076 0.0104187561 0.9270490350 0.0104174899 0.0104192175
0.0025534675 0.0025543466 0.0025533707 0.0025551980 0.0025547133 0.0025598636 0.1677496735 0.8169193667
0.0019560104 0.0019560435 0.0019553599 0.6089685685 0.2345388934 0.0019558810 0.0019568120 0.1467124313
0.0028464326 0.0028449312 0.0028439556 0.0028453077 0.1517436513 0.2434738798 0.5905547974 0.0028470443
0.5119784384 0.0069598908 0.0069535695 0.2365839606 0.0069514204 0.0069561910 0.0069521321 0.2166643972
0.0062680079 0.9561527910 0.0062611117 0.0062549193 0.0062678561 0.0062673549 0.0062612359 0.0062667233
0.8248627790 0.0250322681 0.0250280215 0.0250117166 0.0250205395 0.0250297600 0.0250067200 0.0250081953
0.0032109605 0.1418385002 0.0032099398 0.0761678329 0.0032088679 0.1243807042 0.0032084529 0.6447747415
0.0011179989 0.0011181838 0.0011176009 0.3526527446 0.0011181756 0.0011178527 0.2050113807 0.4367460628
0.0010981296 0.0010984646 0.0010980002 0.0010984708 0.5580126685 0.0866483515 0.3498470957 0.0010988192
0.0014399431 0.4887274373 0.0014389377 0.0014397858 0.0014387049 0.0475708247 0.1216846796 0.3362596869
0.0052145199 0.0052130666 0.0052121377 0.0052146170 0.0052126293 0.9635012116 0.0052121654 0.0052196525
0.9203857027 0.0113729301 0.0113698390 0.0113704856 0.0113678819 0.0113809317 0.0113730463 0.0113791828
0.0010355037 0.0010342342 0.0010350343 0.0010345373 0.0010337581 0.0010411014 0.9927502002 0.0010356309
0.0016058612 0.0016058473 0.0016059755 0.0016041583 0.0900538078 0.0016037386 0.0016047428 0.9003158684
0.0023622130 0.0023611041 0.0023632841 0.0023617281 0.0023612601 0.0023597018 0.2770609744 0.7087697344
0.0027194232 0.0027202401 0.0027255909 0.0027200553 0.0027224442 0.0027191652 0.1059308731 0.8777422080
0.0043118996 0.0043166159 0.0043252988 0.0043169578 0.0043149775 0.0043116893 0.1780292636 0.7960732974
0.0031349063 0.0031312697 0.0031348490 0.1890390997 0.0031285328 0.0031278142 0.2145247403 0.5807787881
0.0059584578 0.0059581418 0.0866164028 0.0059560032 0.0059554848 0.0059541341 0.0059610993 0.8776402761
0.0013752823 0.0013753578 0.0013750389 0.0085359781 0.0013755286 0.0013745121 0.4961794029 0.4884088993
0.0016472851 0.0016466978 0.0016469499 0.0016480739 0.0016465782 0.0016475372 0.0946597767 0.8954571012
0.0017376956 0.0017406682 0.0017388352 0.0562717390 0.0017379393 0.0017394821 0.0017383872 0.9332952532
0.0010621080 0.0010602655 0.0010607354 0.0915101583 0.0010613201 0.0010609872 0.0738290285 0.8293553970
0.0010794368 0.4217733013 0.4090943875 0.0010793243 0.0010793867 0.0010788287 0.0010797208 0.1637356139
0.0276747105 0.0003412151 0.6404972383 0.0003410987 0.2912457504 0.0003411851 0.0003411659 0.0392176361
0.0001462411 0.0690825878 0.4099963810 0.4966202518 0.0237157512 0.0001462272 0.0001462502 0.0001463097
0.0002832519 0.1440787640 0.4356782537 0.4048987298 0.0002831973 0.0002831947 0.0002831596 0.0142114490
0.0002774618 0.1783038854 0.0602155263 0.6599963247 0.0002777016 0.0002775792 0.1003737698 0.0002777512
0.0008182614 0.1465966567 0.5420465624 0.0008180350 0.1522985371 0.0008183503 0.1319285918 0.0246750053
0.0000842914 0.2360371654 0.5030272984 0.0000842910 0.2125939036 0.0000843012 0.0000843158 0.0480044331
0.1988363266 0.0021943905 0.2139543240 0.0021953983 0.0021962551 0.0021965254 0.0644688254 0.5139579547
0.0025555469 0.0025534845 0.2926211508 0.0025543873 0.0025544046 0.0025582729 0.0025553666 0.6920473864
0.0010254989 0.0296291440 0.4832486398 0.0676022963 0.2410087802 0.0010262489 0.0010265203 0.1754328715
0.0009633166 0.5222386228 0.0009635013 0.0009632308 0.0678352879 0.0009630125 0.4051094906 0.0009635374
0.0432795174 0.3471649909 0.6045865855 0.0009936502 0.0009938466 0.0009940350 0.0009936447 0.0009937297
0.0002068381 0.1886442354 0.0475073662 0.5873408376 0.1756800285 0.0002068184 0.0002070144 0.0002068612
0.0004831945 0.3149332789 0.0717468703 0.0004834187 0.4737278646 0.0004830196 0.1376589045 0.0004834488
0.0007683696 0.4263727238 0.2080707358 0.0007682539 0.2526781229 0.0007682292 0.0007681385 0.1098054264
0.0002085753 0.3585314159 0.0002087061 0.0002086390 0.0967592887 0.0002086386 0.5436660736 0.0002086627
0.0003075515 0.6322508747 0.1936883811 0.0551893789 0.0003078346 0.1176407413 0.0003077395 0.0003074983
0.0004638457 0.0004636472 0.1745495219 0.0004635587 0.8226682844 0.0004637808 0.0004637333 0.0004636281
0.0006734039 0.0671126244 0.3133871197 0.0006732176 0.2916117388 0.0006732175 0.1254935379 0.2003751401
0.0481813903 0.0110879625 0.4850492652 0.0014067890 0.1578378959 0.0014077811 0.0014059174 0.2936229984
0.0006850461 0.3557747018 0.5190205095 0.0006841467 0.1217831811 0.0006842820 0.0006842550 0.0006838777
0.0011180324 0.6411144581 0.0562692136 0.0011179121 0.0011183760 0.0011176397 0.0011172822 0.2970270859
0.0083452090 0.4356175553 0.0083468647 0.0083517058 0.0083442823 0.0083472489 0.0083556062 0.5142915278
0.4049983766 0.0031296768 0.0031295261 0.0031311572 0.0031290738 0.0031301644 0.4492385463 0.1301134788
0.0029113446 0.0029114613 0.0029102605 0.0029113555 0.0029108351 0.0029103377 0.7941110725 0.1884233328
0.0034766203 0.3711161958 0.0034764718 0.6080169223 0.0034787222 0.0034760078 0.0034798776 0.0034791822
0.0021589698 0.1164159016 0.0021589459 0.0021582630 0.0021589472 0.0021600403 0.6742871307 0.1985018014
0.0022350241 0.0022361718 0.1742310605 0.0022348949 0.0022346733 0.0022336507 0.0022349926 0.8123595320
0.0004375539 0.0004379427 0.0004375638 0.3927455074 0.6046282922 0.0004376204 0.0004378466 0.0004376730
0.0001660603 0.9292657809 0.0001660444 0.0001659790 0.0001660631 0.0001661357 0.0001660556 0.0697378811
0.0050088306 0.0050017458 0.0050043571 0.0050025461 0.0050029859 0.7993487290 0.0050058933 0.1706249123
0.0046344151 0.0046339646 0.0046348780 0.0046329809 0.0046337197 0.3014500156 0.0046337533 0.6707462727
0.0031294292 0.0031313717 0.0031289881 0.0031315755 0.1946586829 0.0031278494 0.6036749055 0.1860171979
0.0031274476 0.7496959186 0.0031272171 0.0031287019 0.2315345834 0.0031278708 0.0031290783 0.0031291822
0.0031286549 0.0031319789 0.0031297592 0.0031296374 0.0031273136 0.0031294259 0.0031300765 0.9780931536
0.1904025414 0.0027832955 0.2043416978 0.0027808804 0.0027823931 0.0027830288 0.0027809316 0.5913452315
0.0031344982 0.2407284256 0.0031284150 0.0031288949 0.0031286185 0.0031281056 0.0031276191 0.7404954231
0.0025040438 0.0025055912 0.0025031562 0.0025080811 0.0025051914 0.0025018186 0.0025028224 0.9824692953
0.0024062239 0.0024081267 0.0024063870 0.6006621998 0.3848969486 0.0024065112 0.0024070030 0.0024065998
0.0028474064 0.5430314422 0.0028426012 0.2507260110 0.0028429445 0.0028453015 0.0028449986 0.1920192945
0.0002473271 0.2797837386 0.1388277607 0.0002474242 0.1730120990 0.4073867544 0.0002473880 0.0002475080
0.0034790312 0.0034732333 0.0034762808 0.0034738500 0.0034732411 0.9756761085 0.0034739503 0.0034743047
0.0812928246 0.0000485845 0.0000485852 0.0000485680 0.0000486025 0.4105001505 0.4192555310 0.0887571536
0.0048138402 0.1176608206 0.0048115237 0.0048123774 0.0048110841 0.0048110410 0.0048118555 0.8534674575
0.0034756613 0.1821040611 0.0034787267 0.2099942205 0.0034775212 0.0034755738 0.0034765844 0.5905176510
0.2062255384 0.0026083899 0.0026065959 0.0026072444 0.1445653166 0.0026072257 0.6361731185 0.0026065705
0.0035759708 0.0035798408 0.0035780543 0.0035759495 0.0035783526 0.0035772689 0.1726843612 0.8058502019
0.0037933402 0.1471424242 0.0037925628 0.0037946593 0.1213641476 0.0037910155 0.3517821038 0.3645397467
0.0027198864 0.2648648211 0.0027223803 0.0027223857 0.0027208375 0.0027218232 0.0027206673 0.7188071986
0.0022737475 0.0022739063 0.0022744553 0.0022747338 0.0022739496 0.0022736524 0.0022757379 0.9840798173
0.8540677932 0.0208383308 0.0208361355 0.0208456566 0.0208452981 0.0208877124 0.0208361877 0.0208428857
0.0065919714 0.9538890520 0.0065884318 0.0065825964 0.0065867588 0.0065871365 0.0065861879 0.0065878651
0.9203857027 0.0113729301 0.0113698390 0.0113704856 0.0113678819 0.0113809317 0.0113730463 0.0113791828
0.0020505575 0.1771285355 0.0020510972 0.0020516221 0.0020521345 0.0020509856 0.0020521827 0.8105628850
0.0266402108 0.0016034344 0.0016044628 0.0016030310 0.0016034786 0.0016039823 0.0016033670 0.9637380332
0.0029811825 0.1962870485 0.0029808377 0.0029805138 0.0029819880 0.0029805864 0.6002988857 0.1885089575
0.0015083726 0.1205010565 0.0015084290 0.0015083058 0.0015079650 0.0015084619 0.0015086379 0.8704487713
0.0017622344 0.0017639915 0.0017622481 0.0017628168 0.0017649122 0.0017633956 0.0501661640 0.9392542374
0.0019248303 0.0019249262 0.0019250175 0.0019242573 0.0296914329 0.0019252219 0.0019245636 0.9587597503
0.0011808992 0.0011803202 0.0011800353 0.0011802977 0.0011800570 0.0011798741 0.0011806512 0.9917378654
0.0017165680 0.0907841511 0.0017150793 0.0017158815 0.0017144428 0.0017152128 0.1181876554 0.7824510092
0.0014058772 0.0014068873 0.0014063684 0.0292226143 0.0014071280 0.1161048234 0.0014069328 0.8476393687
0.0003312594 0.0003313342 0.0003313942 0.0003314194 0.0003313091 0.0003313632 0.0625416801 0.9354702405
0.0007818156 0.0007817494 0.0007819516 0.0007819718 0.0007819874 0.0007823086 0.0007824536 0.9945257619
0.0018946459 0.0018953758 0.0018952246 0.0018946676 0.0018952501 0.0018949616 0.0018955742 0.9867343003
0.0032974723 0.0032965235 0.0032955262 0.1241339274 0.0032951235 0.0032924547 0.0032950498 0.8560939225
0.0010976249 0.0410116925 0.0010977527 0.0010982676 0.0010979240 0.0010986709 0.0010980105 0.9524000570
0.2492949815 0.0011385305 0.0011382511 0.0011389957 0.0011382061 0.0011378414 0.0458473276 0.6991658661
0.2540023721 0.0018960166 0.0018975946 0.0018947171 0.0018955435 0.0018954838 0.0018953198 0.7346229524
0.0015455168 0.0015461178 0.0015451178 0.0015452496 0.0015454442 0.0581221934 0.3246265149 0.6095238456
0.0021587113 0.1549928193 0.0021588482 0.0021575780 0.0021586699 0.0021569160 0.0021583564 0.8320581010
0.0018407816 0.0018397352 0.0018401812 0.0018396980 0.0018400663 0.0018431398 0.0018399201 0.9871164778
0.0022001880 0.0021945818 0.0021952966 0.0021943470 0.0021946717 0.0021958948 0.0021944785 0.9846305417
0.1261760484 0.0027817798 0.0027810900 0.0027796708 0.0027819495 0.0027819328 0.0027810163 0.8571365124
0.0017875483 0.0017882686 0.0017880041 0.0017877766 0.0017876204 0.1065113309 0.0017881230 0.8827613280
0.9203880151 0.0113690273 0.0113779410 0.0113676680 0.0113723379 0.0113747613 0.0113707714 0.0113794781
0.0024080767 0.0024088741 0.0024075631 0.0024076678 0.0024082780 0.0024052439 0.1111505336 0.8744037628
0.0040349573 0.0040352619 0.0040354997 0.0040343674 0.0040354529 0.0040347522 0.0040365312 0.9717531775
0.0011820561 0.0011810136 0.0011809054 0.0011807182 0.0011817551 0.2113517998 0.0011822342 0.7815595176
0.0002088707 0.9167447398 0.0002089441 0.0820014561 0.0002090127 0.0002089367 0.0002091099 0.0002089300
0.0046366688 0.0046331060 0.0046358894 0.0046341511 0.0046339336 0.8178374194 0.0046364793 0.1543523523
0.0029815051 0.0029802489 0.0029802331 0.1183570579 0.0029809427 0.0029790731 0.1627836128 0.7039573264
0.2063203822 0.0027218561 0.0027206729 0.0027212446 0.0027206527 0.0027193142 0.1494703673 0.6306055100
0.0043150920 0.0043206193 0.0043176012 0.0043178617 0.0043208619 0.0043124418 0.0043157587 0.9697797634
0.2595691270 0.0037930619 0.0037940342 0.0644633448 0.0037925710 0.0037921299 0.3762500002 0.2845457310
0.0032070925 0.2551906288 0.0032091416 0.0032080164 0.0032100161 0.0032072454 0.0032127919 0.7255550674
0.2439394372 0.0028473160 0.0028452802 0.1557573747 0.0028458438 0.0028431225 0.1784373253 0.4104843003
0.0027816167 0.0027841798 0.4750881374 0.0027839096 0.0027820645 0.0027807128 0.0027819970 0.5082173823
0.0037941012 0.0037965997 0.0037956961 0.1375700354 0.0037949915 0.0037930641 0.0037983177 0.8396571942
0.0040355012 0.1062706836 0.0040389549 0.0040386156 0.0040389726 0.0040347543 0.0040369286 0.8695055893
0.0041694506 0.0981480870 0.0041737971 0.0041765373 0.0041730001 0.0041690376 0.0041718441 0.8768182461
0.0041708677 0.0041758640 0.0041766234 0.0041734346 0.1879169938 0.0041701115 0.0041723328 0.7870437721
0.0040351107 0.1776545687 0.0040380876 0.0040428829 0.0040390376 0.0040356652 0.0040381408 0.7981165065
0.0010889029 0.0010886473 0.9923802621 0.0010882678 0.0010883559 0.0010880894 0.0010885815 0.0010888931
0.0981823805 0.0005069239 0.7858030024 0.0514289664 0.0005068234 0.0340785466 0.0289865668 0.0005067900
0.0004567955 0.0004566638 0.7817409296 0.0004568449 0.0293097329 0.1866652096 0.0004566964 0.0004571273
0.0330361870 0.0000319840 0.9093409902 0.0000319833 0.0073723917 0.0501225010 0.0000319827 0.0000319800
0.0002118889 0.3320782838 0.5371444262 0.1297180327 0.0002118594 0.0002118601 0.0002118566 0.0002117923
0.0069595676 0.6785547836 0.0069590489 0.0069538394 0.0069521984 0.0069526963 0.0069518919 0.2797159739
0.9450324548 0.0005658822 0.0005661082 0.0005658212 0.0005659649 0.0515716461 0.0005662637 0.0005658590
0.5849037439 0.0139117638 0.0139213823 0.0138990624 0.0139068018 0.3316222258 0.0139042578 0.0139307623
0.0935909701 0.1490913440 0.1576751735 0.0509493361 0.0009632177 0.0009631347 0.0009631943 0.5458036297
0.9931558135 0.0009777848 0.0009775158 0.0009771698 0.0009774548 0.0009784465 0.0009777417 0.0009780730
0.0003138088 0.0003137671 0.0153618715 0.0100566521 0.0003139724 0.4574452327 0.0003135806 0.5158811147
0.0006486620 0.0006488511 0.0006484695 0.0006484690 0.0006483173 0.6723138191 0.0006481886 0.3237952233
0.0002939517 0.0002939281 0.0562793566 0.0002942044 0.0002939341 0.5008640582 0.0002937988 0.4413867680
0.0004243269 0.0004241790 0.0004242242 0.0234751042 0.0004244435 0.5847856631 0.0004243961 0.3896176631
0.1006541733 0.0003652688 0.0003650280 0.0003652240 0.0003651186 0.4404740137 0.0131027463 0.4443084272
0.0372095057 0.0001101903 0.0001102342 0.6089052786 0.0001101797 0.3147800410 0.0001102236 0.0386643469
0.1508078153 0.0002280031 0.0002281067 0.5260203808 0.0002279475 0.2198627737 0.0002281430 0.1023968300
0.0221832916 0.0130984793 0.0002180566 0.7106677846 0.0002179799 0.1733523805 0.0800439111 0.0002181165
0.0707875073 0.0001084841 0.1381192990 0.0001084909 0.0001084689 0.5875882124 0.1873158156 0.0158637218
0.5141562021 0.0001270934 0.0001271274 0.0001270794 0.0001270954 0.0845247997 0.3547116313 0.0460989713
0.1651651873 0.0000911563 0.0417147286 0.0000911512 0.0000911652 0.1136915895 0.6012726416 0.0778823804
0.0960888314 0.0424199736 0.0630291152 0.0786690663 0.0001343062 0.3816107379 0.3379135927 0.0001343767
0.1499027291 0.0002006899 0.0002006269 0.0002005878 0.0002006435 0.7145349350 0.1073898688 0.0273699190
0.0264706517 0.0002973666 0.0002973213 0.0002974590 0.0002971769 0.4602264502 0.0002973285 0.5118162458
0.1454552343 0.0002903664 0.0002904043 0.0002903400 0.0002902937 0.5745821868 0.2626454950 0.0161556796
0.0033845321 0.1662795553 0.0033843346 0.0033838452 0.0033846612 0.0033801846 0.0033861189 0.8134167682
0.0033819071 0.0033852452 0.0033828837 0.0033822372 0.0033827532 0.0033807988 0.1752652281 0.8044389466
0.0020186064 0.0020191593 0.0020174379 0.1659999539 0.4291314250 0.0020176874 0.1578221920 0.2389735381
0.0026630764 0.0919793546 0.0026641775 0.0026632717 0.0026634770 0.1570861545 0.0026656441 0.7376148442
0.0020502728 0.0020512705 0.0020506907 0.9856361355 0.0020530661 0.0020508870 0.0020535177 0.0020541597
0.0040399424 0.0040342313 0.0040377317 0.0040349992 0.0040336998 0.9717504793 0.0040335022 0.0040354141
0.4428103344 0.0009138361 0.0009142739 0.4009416914 0.0009137669 0.0009137663 0.0431336363 0.1094586947
0.1769267300 0.0017386927 0.0017389774 0.0017380288 0.0017381638 0.0017387494 0.2596645735 0.5547160845
0.0006955473 0.0006954793 0.0006951930 0.0006957247 0.0006951961 0.0006955949 0.7017361362 0.2940911285
0.0442478881 0.0011078688 0.0011076426 0.0011083218 0.0011069768 0.0011080977 0.7935341351 0.1566790690
0.0379269491 0.0017141653 0.0017142274 0.0017148373 0.0017145360 0.0017151911 0.6633337772 0.2901663166
0.0011707376 0.0011693162 0.0011693639 0.0011701877 0.0011689368 0.0011700730 0.9918107565 0.0011706283
0.1024679036 0.0004871831 0.0004873795 0.2958792674 0.0004868926 0.0004872992 0.3173945275 0.2823095472
0.0010788512 0.0906758604 0.0010798445 0.0010795244 0.0010794222 0.0010798455 0.3663274575 0.5375991943
0.0025540835 0.0025572135 0.0025555594 0.0550420851 0.0025561661 0.0025545903 0.4828325194 0.4493477827
0.0026634697 0.0026635924 0.0026632567 0.0026644696 0.0026629389 0.0026614110 0.8071225160 0.1768983457
0.0020522797 0.0020533072 0.0020517164 0.0020517727 0.0020524010 0.0020509414 0.1468808420 0.8408067397
0.0000783954 0.1621673448 0.6758927879 0.1190157414 0.0426105576 0.0000783987 0.0000783892 0.0000783851
0.0000701117 0.8597972365 0.0815474414 0.0000701001 0.0000700964 0.0000701150 0.0583048120 0.0000700869
0.0273506593 0.3567976387 0.2474950253 0.1059569745 0.1171860751 0.0000667939 0.0142989723 0.1308478607
0.0044729347 0.5537871483 0.0044728474 0.0044690989 0.0044689619 0.0044691042 0.0044706529 0.4193892517
0.4617394480 0.0010258935 0.0010257861 0.0010258626 0.0010255017 0.0010259016 0.4097946830 0.1233369236
0.0026608494 0.0026621856 0.0026618909 0.0026615270 0.0026620737 0.0026611393 0.0026622283 0.9813681058
0.0011073841 0.1196452993 0.1368841593 0.0011075590 0.0011081089 0.0011075226 0.3436806119 0.3953593549
0.0023167760 0.0023184224 0.0023174468 0.0023181674 0.0023181122 0.0023165566 0.2450856484 0.7410088702
0.0012775944 0.1869092945 0.0012776809 0.4833694251 0.0012769359 0.0012778083 0.3233331588 0.0012781021
0.0009702109 0.4138712006 0.0009708393 0.3747948306 0.0009708033 0.0404767445 0.0009708540 0.1669745170
0.0492708380 0.0002367352 0.5914570980 0.0002365502 0.0002366811 0.0617740170 0.0002366718 0.2965514087
0.0000567906 0.3107130681 0.4645008570 0.0577153321 0.1078772510 0.0000567912 0.0335690269 0.0255108831
0.0250393454 0.0250063315 0.0250123589 0.0250141147 0.0250038348 0.0250304659 0.0250097689 0.8248837799
0.8540617340 0.0208408075 0.0208479886 0.0208404125 0.0208400158 0.0208552158 0.0208430913 0.0208707345
0.9374053577 0.0089438805 0.0089364095 0.0089542835 0.0089326353 0.0089460837 0.0089376248 0.0089437252
0.0208704648 0.0208564829 0.0208417654 0.0208507399 0.0208387018 0.8540529515 0.0208432635 0.0208456302
0.0073664865 0.3116792194 0.0073633208 0.1721580075 0.0073651496 0.0073615196 0.0073678097 0.4793384868
0.9203857027 0.0113729301 0.0113698390 0.0113704856 0.0113678819 0.0113809317 0.0113730463 0.0113791828
0.8749102540 0.0178658380 0.0178707399 0.0178640325 0.0178653172 0.0178867928 0.0178603554 0.0178766702
0.0046343308 0.0046332094 0.0046322104 0.0046321200 0.0046329620 0.0046319890 0.0046336705 0.9675695078
0.0842483959 0.0022348756 0.0022360569 0.0022352528 0.0022342402 0.0022361012 0.0914583963 0.8131166811
0.2409909637 0.0019859329 0.0019869007 0.0880041568 0.0019858322 0.0019858568 0.0019873726 0.6610729843
0.0044683182 0.0044676053 0.0044666827 0.0044665965 0.0044673775 0.0044664750 0.0044680287 0.9687289162
0.0046343308 0.0046332094 0.0046322104 0.0046321200 0.0046329620 0.0046319890 0.0046336705 0.9675695078
0.0046343308 0.0046332094 0.0046322104 0.0046321200 0.0046329620 0.0046319890 0.0046336705 0.9675695078
0.0025522813 0.0025531496 0.0025520682 0.0025519443 0.0025543687 0.0025531757 0.0025542481 0.9821287642
0.0040354672 0.0040349505 0.0040343301 0.0040341573 0.0040347710 0.0040340345 0.0040352976 0.9717569918
0.0024551920 0.0956121188 0.0024552279 0.0024545803 0.0024554193 0.0024542534 0.1674866552 0.7246265531
0.0029114928 0.0029115388 0.0029101221 0.0029118442 0.0029107008 0.0029092346 0.5828651530 0.3996699136
0.4430365264 0.0040360751 0.2365324280 0.0040369110 0.0040358230 0.3002334114 0.0040381206 0.0040507045
